mean	var	cv	zero_prop	sum	group	feature	DP	AD	baf
0.17833333333333334	0.16653055555555554	2.2883077839307773	0.8316666666666667	107	seed_N	1:1217251	107	51	0.4766355140186916
0.20833333333333334	0.21826388888888887	2.242498605389165	0.8166666666666667	125	seed_N	1:2189679	125	51	0.408
0.021666666666666667	0.021197222222222215	6.719661132604933	0.9783333333333334	13	seed_N	1:9268027	13	2	0.15384615384615385
0.03166666666666667	0.03399722222222223	5.822632297963545	0.97	19	seed_N	1:9848424	19	7	0.3684210526315789
0.03	0.0291	5.686240684123191	0.97	18	seed_N	1:11054883	18	13	0.7222222222222222
0.08666666666666667	0.0924888888888889	3.5090752968609267	0.92	52	seed_N	1:11106656	52	27	0.5192307692307693
0.018333333333333333	0.01799722222222222	7.317475928304944	0.9816666666666667	11	seed_N	1:17407068	11	5	0.45454545454545453
0.415	0.49944166666666673	1.7029201673569978	0.69	249	seed_N	1:19282760	249	132	0.5301204819277109
0.12166666666666667	0.14353055555555558	3.1138706843682784	0.8916666666666667	73	seed_N	1:19338963	73	19	0.2602739726027397
0.16666666666666666	0.1888888888888889	2.607680960516451	0.8533333333333334	100	seed_N	1:19339003	100	51	0.51
0.023333333333333334	0.022788888888888893	6.469709614686531	0.9766666666666667	14	seed_N	1:19682387	14	4	0.2857142857142857
0.03333333333333333	0.032222222222222215	5.385164790979009	0.9666666666666667	20	seed_N	1:20191733	20	3	0.15
0.041666666666666664	0.03993055555555557	4.795831511802725	0.9583333333333334	25	seed_N	1:20618562	25	15	0.6
0.04666666666666667	0.04782222222222222	4.686062694774644	0.955	28	seed_N	1:20650507	28	15	0.5357142857142857
0.051666666666666666	0.05233055555555555	4.427588271890786	0.95	31	seed_N	1:20650728	31	14	0.45161290322580644
0.30333333333333334	0.3113222222222223	1.8394370217873286	0.7433333333333333	182	seed_N	1:20651255	182	84	0.46153846153846156
0.04	0.04173333333333333	5.107184469246892	0.9616666666666667	24	seed_N	1:20651363	24	14	0.5833333333333334
0.04833333333333333	0.04933055555555555	4.595272337473194	0.9533333333333334	29	seed_N	1:23083647	29	8	0.27586206896551724
0.03166666666666667	0.03066388888888889	5.5298234307517316	0.9683333333333334	19	seed_N	1:25818183	19	9	0.47368421052631576
0.021666666666666667	0.021197222222222218	6.719661132604933	0.9783333333333334	13	seed_N	1:25861747	13	5	0.38461538461538464
0.03166666666666667	0.03066388888888889	5.5298234307517316	0.9683333333333334	19	seed_N	1:26282323	19	3	0.15789473684210525
0.045	0.04630833333333334	4.782082460138543	0.9566666666666667	27	seed_N	1:26282337	27	2	0.07407407407407407
0.07666666666666666	0.08745555555555555	3.8573328835372362	0.9316666666666666	46	seed_N	1:27336175	46	26	0.5652173913043478
0.02	0.019599999999999996	6.999999964999999	0.98	12	seed_N	1:27353801	12	7	0.5833333333333334
0.018333333333333333	0.017997222222222223	7.317475928304944	0.9816666666666667	11	seed_N	1:31434255	11	6	0.5454545454545454
0.3433333333333333	0.3854555555555556	1.8083029244214248	0.7283333333333334	206	seed_N	1:32231462	206	70	0.33980582524271846
0.3416666666666667	0.36826388888888884	1.7761390253960088	0.7233333333333334	205	seed_N	1:32231470	205	70	0.34146341463414637
0.2783333333333333	0.3175305555555556	2.0245454956727746	0.77	167	seed_N	1:33323781	167	98	0.5868263473053892
0.13166666666666665	0.13766388888888892	2.81795579236723	0.88	79	seed_N	1:33323919	79	42	0.5316455696202531
0.065	0.060775	3.79270554358693	0.935	39	seed_N	1:33323987	39	23	0.5897435897435898
0.08833333333333333	0.11386388888888888	3.820044187703766	0.9233333333333333	53	seed_N	1:34795631	53	25	0.4716981132075472
0.016666666666666666	0.016388888888888887	7.681145701781733	0.9833333333333333	10	seed_N	1:37455082	10	4	0.4
0.07666666666666666	0.08412222222222221	3.7831084078340274	0.93	46	seed_N	1:37493212	46	19	0.41304347826086957
0.04833333333333333	0.04933055555555555	4.595272337473194	0.9533333333333334	29	seed_N	1:38838323	29	25	0.8620689655172413
0.023333333333333334	0.022788888888888893	6.469709614686531	0.9766666666666667	14	seed_N	1:39006034	14	8	0.5714285714285714
0.095	0.09930833333333332	3.317181547785859	0.9116666666666666	57	seed_N	1:39753608	57	31	0.543859649122807
0.13666666666666666	0.13798888888888888	2.718062610691121	0.8733333333333333	82	seed_N	1:42746440	82	35	0.4268292682926829
0.03333333333333333	0.03555555555555555	5.656854232521816	0.9683333333333334	20	seed_N	1:42807170	20	9	0.45
0.016666666666666666	0.01972222222222222	8.42614972261946	0.985	10	seed_N	1:45513003	10	5	0.5
0.041666666666666664	0.04326388888888891	4.991993577758691	0.96	25	seed_N	1:46635343	25	14	0.56
0.22	0.21159999999999998	2.0909090899586773	0.8	132	seed_N	1:47149558	132	64	0.48484848484848486
0.35333333333333333	0.3951555555555556	1.7790962136644073	0.7116666666666667	212	seed_N	1:47378792	212	108	0.5094339622641509
0.028333333333333332	0.02753055555555556	5.856117946642017	0.9716666666666667	17	seed_N	1:51788121	17	8	0.47058823529411764
0.07	0.07176666666666667	3.8270430441209973	0.9333333333333333	42	seed_N	1:51788192	42	18	0.42857142857142855
0.06333333333333334	0.08265555555555555	4.539454607590251	0.9433333333333334	38	seed_N	1:52087086	38	13	0.34210526315789475
0.041666666666666664	0.03993055555555557	4.795831511802725	0.9583333333333334	25	seed_N	1:53085393	25	14	0.56
0.035	0.033775	5.250850256280172	0.965	21	seed_N	1:53214418	21	8	0.38095238095238093
1.5166666666666666	2.396388888888889	1.020677418822111	0.30666666666666664	910	seed_N	1:54849938	910	395	0.4340659340659341
0.38166666666666665	0.4326638888888889	1.7234198576568889	0.695	229	seed_N	1:59893405	229	124	0.5414847161572053
0.14833333333333334	0.15299722222222226	2.6369568085517487	0.8633333333333333	89	seed_N	1:65635232	89	38	0.42696629213483145
0.05	0.05083333333333332	4.509249743804394	0.9516666666666667	30	seed_N	1:67701808	30	15	0.5
0.028333333333333332	0.02753055555555556	5.856117946642017	0.9716666666666667	17	seed_N	1:68125570	17	7	0.4117647058823529
0.035	0.033775	5.250850256280172	0.965	21	seed_N	1:74766547	21	6	0.2857142857142857
0.07	0.0751	3.914911310420047	0.935	42	seed_N	1:78664009	42	15	0.35714285714285715
0.33666666666666667	0.3799888888888889	1.8309872903368651	0.7283333333333334	202	seed_N	1:86862842	202	88	0.43564356435643564
0.3383333333333333	0.4205305555555556	1.916699328941374	0.74	203	seed_N	1:100738939	203	123	0.6059113300492611
0.08	0.08360000000000001	3.6142080691824803	0.925	48	seed_N	1:109062683	48	27	0.5625
0.04	0.05173333333333333	5.686240688861725	0.965	24	seed_N	1:109062756	24	14	0.5833333333333334
0.08	0.0836	3.61420806918248	0.9233333333333333	48	seed_N	1:109737079	48	9	0.1875
0.07333333333333333	0.07462222222222223	3.7250547673836305	0.93	44	seed_N	1:112700426	44	26	0.5909090909090909
0.11166666666666666	0.11253055555555555	3.00408127849241	0.895	67	seed_N	1:113982039	67	33	0.4925373134328358
0.041666666666666664	0.04326388888888889	4.99199357775869	0.96	25	seed_N	1:117528667	25	12	0.48
0.8616666666666667	0.9525305555555553	1.1326615690255355	0.4533333333333333	517	seed_N	10:3779135	517	255	0.4932301740812379
0.23166666666666666	0.23466388888888892	2.0910267165965744	0.795	139	seed_N	10:3779369	139	67	0.48201438848920863
0.025	0.024374999999999997	6.244997973418406	0.975	15	seed_N	10:4979696	15	7	0.4666666666666667
0.23833333333333334	0.29153055555555557	2.265464456782634	0.8066666666666666	143	seed_N	10:5638921	143	55	0.38461538461538464
0.12	0.1256	2.9533408553171077	0.8883333333333333	72	seed_N	10:5639069	72	23	0.3194444444444444
0.02666666666666667	0.025955555555555558	6.041522964141575	0.9733333333333334	16	seed_N	10:5765645	16	7	0.4375
0.02666666666666667	0.025955555555555558	6.041522964141575	0.9733333333333334	16	seed_N	10:5937534	16	13	0.8125
0.07666666666666666	0.08412222222222221	3.7831084078340274	0.93	46	seed_N	10:12835510	46	19	0.41304347826086957
0.9816666666666667	1.3079972222222223	1.1650360562824562	0.4216666666666667	589	seed_N	10:17237518	589	249	0.4227504244482173
0.028333333333333332	0.030863888888888896	6.2005134070188745	0.9733333333333334	17	seed_N	10:18513378	17	7	0.4117647058823529
0.1	0.10333333333333333	3.214550250449768	0.9066666666666666	60	seed_N	10:23119349	60	31	0.5166666666666667
0.028333333333333332	0.030863888888888896	6.2005134070188745	0.9733333333333334	17	seed_N	10:27110930	17	5	0.29411764705882354
0.07	0.06509999999999999	3.644957372556653	0.93	42	seed_N	10:27539593	42	16	0.38095238095238093
0.045	0.04630833333333334	4.782082460138543	0.9566666666666667	27	seed_N	10:42831179	27	13	0.48148148148148145
0.02	0.019599999999999996	6.999999964999999	0.98	12	seed_N	10:58288034	12	6	0.5
0.021666666666666667	0.021197222222222218	6.719661132604933	0.9783333333333334	13	seed_N	10:69016838	13	8	0.6153846153846154
0.04666666666666667	0.04448888888888888	4.5197977101879685	0.9533333333333334	28	seed_N	10:69104309	28	11	0.39285714285714285
0.03333333333333333	0.032222222222222215	5.385164790979009	0.9666666666666667	20	seed_N	10:70299248	20	8	0.4
0.04666666666666667	0.04782222222222221	4.686062694774643	0.955	28	seed_N	10:79382609	28	19	0.6785714285714286
0.1	0.10333333333333333	3.214550250449768	0.9066666666666666	60	seed_N	10:80092303	60	55	0.9166666666666666
0.021666666666666667	0.021197222222222218	6.719661132604933	0.9783333333333334	13	seed_N	10:80522502	13	6	0.46153846153846156
0.4	0.43666666666666665	1.6520189663869125	0.675	240	seed_N	10:86970617	240	103	0.42916666666666664
0.03666666666666667	0.03865555555555556	5.362095295579241	0.965	22	seed_N	10:89015534	22	13	0.5909090909090909
0.051666666666666666	0.05899722222222221	4.701163306980696	0.9516666666666667	31	seed_N	10:94735475	31	20	0.6451612903225806
0.21166666666666667	0.2068638888888889	2.148769701494264	0.8083333333333333	127	seed_N	10:94735727	127	75	0.5905511811023622
0.3283333333333333	0.38386388888888884	1.8870076181429405	0.745	197	seed_N	10:94736036	197	85	0.43147208121827413
0.055	0.051975	4.145095670710007	0.945	33	seed_N	10:94942580	33	13	0.3939393939393939
0.025	0.024374999999999997	6.244997973418406	0.975	15	seed_N	10:95311992	15	5	0.3333333333333333
0.025	0.024374999999999997	6.244997973418406	0.975	15	seed_N	10:103088366	15	6	0.4
0.08166666666666667	0.0949972222222222	3.7740758398471117	0.9283333333333333	49	seed_N	10:110286442	49	21	0.42857142857142855
0.03666666666666667	0.035322222222222234	5.12569284384282	0.9633333333333334	22	seed_N	10:113589157	22	10	0.45454545454545453
0.03833333333333333	0.04019722222222222	5.230237793915849	0.9633333333333334	23	seed_N	10:117277498	23	16	0.6956521739130435
0.045	0.04630833333333335	4.782082460138544	0.9566666666666667	27	seed_N	10:117277560	27	15	0.5555555555555556
0.22	0.2816	2.412090755525704	0.82	132	seed_N	10:119168032	132	67	0.5075757575757576
0.06833333333333333	0.0769972222222222	4.060737553915474	0.9383333333333334	41	seed_N	10:119941648	41	20	0.4878048780487805
0.2966666666666667	0.29532222222222226	1.83180530231322	0.7416666666666667	178	seed_N	10:124614028	178	89	0.5
0.08666666666666667	0.10582222222222222	3.7534993491323787	0.925	52	seed_N	10:125836503	52	33	0.6346153846153846
17.138333333333332	115.5491972222222	0.6272127539597397	0.0	10283	seed_N	10:133539005	10283	4885	0.4750559175337936
16.515	104.53310833333335	0.6190822526999893	0.0	9909	seed_N	10:133539010	9909	4672	0.4714905641336159
0.085	0.08444166666666669	3.418688035612723	0.9183333333333333	51	seed_N	11:252649	51	19	0.37254901960784315
0.175	0.18104166666666666	2.4313709340810723	0.8416666666666667	105	seed_N	11:252733	105	50	0.47619047619047616
0.17166666666666666	0.17886388888888888	2.463629296674305	0.845	103	seed_N	11:252735	103	49	0.47572815533980584
0.31166666666666665	0.3111972222222223	1.7898947722484047	0.73	187	seed_N	11:252941	187	95	0.5080213903743316
0.05	0.04749999999999999	4.358898934822874	0.95	30	seed_N	11:295343	30	17	0.5666666666666667
0.27	0.2904333333333333	1.9959950749112396	0.7666666666666667	162	seed_N	11:295527	162	110	0.6790123456790124
0.03666666666666667	0.035322222222222234	5.12569284384282	0.9633333333333334	22	seed_N	11:295670	22	14	0.6363636363636364
0.195	0.19697499999999996	2.2759931099127106	0.825	117	seed_N	11:309127	117	44	0.37606837606837606
0.02666666666666667	0.02595555555555556	6.041522964141575	0.9733333333333334	16	seed_N	11:824789	16	11	0.6875
0.27666666666666667	0.2901222222222222	1.9468552375263954	0.765	166	seed_N	11:825110	166	93	0.5602409638554217
0.6483333333333333	0.7446638888888888	1.3310114638213495	0.5483333333333333	389	seed_N	11:838672	389	160	0.41131105398457585
0.8583333333333333	1.1015972222222221	1.2228000205718306	0.4766666666666667	515	seed_N	11:840363	515	201	0.39029126213592236
0.04666666666666667	0.04448888888888888	4.5197977101879685	0.9533333333333334	28	seed_N	11:866794	28	18	0.6428571428571429
0.2	0.23	2.3979157604574017	0.8333333333333334	120	seed_N	11:870446	120	72	0.6
0.04666666666666667	0.05115555555555554	4.846627262096476	0.9566666666666667	28	seed_N	11:3826200	28	13	0.4642857142857143
0.05	0.04749999999999998	4.358898934822874	0.95	30	seed_N	11:5663657	30	15	0.5
0.023333333333333334	0.022788888888888893	6.469709614686531	0.9766666666666667	14	seed_N	11:5710519	14	4	0.2857142857142857
0.056666666666666664	0.05345555555555556	4.080080730178643	0.9433333333333334	34	seed_N	11:5710797	34	12	0.35294117647058826
0.056666666666666664	0.05345555555555556	4.080080730178643	0.9433333333333334	34	seed_N	11:5710798	34	12	0.35294117647058826
2.88	4.778933333333333	0.7590545681362759	0.115	1728	seed_N	11:8685686	1728	785	0.4542824074074074
0.023333333333333334	0.02612222222222222	6.9267302116858165	0.9783333333333334	14	seed_N	11:10558089	14	9	0.6428571428571429
0.08666666666666667	0.08915555555555557	3.4452608693414213	0.9183333333333333	52	seed_N	11:10779639	52	26	0.5
0.025	0.024375	6.244997973418406	0.975	15	seed_N	11:12529850	15	8	0.5333333333333333
0.02	0.019599999999999996	6.999999964999999	0.98	12	seed_N	11:17788092	12	7	0.5833333333333334
0.03833333333333333	0.03686388888888889	5.008688090792904	0.9616666666666667	23	seed_N	11:17788177	23	13	0.5652173913043478
0.02666666666666667	0.0592888888888889	9.130991149633621	0.98	16	seed_N	11:18366581	16	5	0.3125
0.11166666666666666	0.11253055555555555	3.00408127849241	0.895	67	seed_N	11:20383589	67	24	0.3582089552238806
0.555	0.6903083333333333	1.497023351837571	0.615	333	seed_N	11:32105392	333	137	0.4114114114114114
0.06	0.0664	4.29469956841721	0.945	36	seed_N	11:33705434	36	24	0.6666666666666666
0.10666666666666667	0.10528888888888889	3.0420233780575923	0.8983333333333333	64	seed_N	11:33708715	64	35	0.546875
0.22166666666666668	0.23919722222222228	2.206366603317762	0.81	133	seed_N	11:43856384	133	51	0.38345864661654133
0.15333333333333332	0.14982222222222225	2.5243614534832055	0.8566666666666667	92	seed_N	11:49146748	92	38	0.41304347826086957
0.13666666666666666	0.13465555555555553	2.6850324312030316	0.8716666666666667	82	seed_N	11:57484855	82	43	0.524390243902439
0.515	0.6431083333333333	1.5571657379924755	0.6366666666666667	309	seed_N	11:58956265	309	132	0.42718446601941745
0.11666666666666667	0.1497222222222222	3.3166247875125787	0.905	70	seed_N	11:59209161	70	35	0.5
0.05	0.05083333333333332	4.509249743804394	0.9516666666666667	30	seed_N	11:59209238	30	21	0.7
0.02666666666666667	0.025955555555555558	6.041522964141575	0.9733333333333334	16	seed_N	11:59636914	16	10	0.625
0.03666666666666667	0.03865555555555556	5.362095295579241	0.965	22	seed_N	11:60389634	22	6	0.2727272727272727
0.04	0.05173333333333333	5.686240688861725	0.9666666666666667	24	seed_N	11:60389693	24	8	0.3333333333333333
0.016666666666666666	0.01638888888888889	7.681145701781734	0.9833333333333333	10	seed_N	11:60394776	10	9	0.9
0.028333333333333332	0.02753055555555556	5.856117946642017	0.9716666666666667	17	seed_N	11:61802358	17	0	0.0
0.025	0.027708333333333335	6.65832809184608	0.9766666666666667	15	seed_N	11:63304838	15	1	0.06666666666666667
0.03	0.032433333333333335	6.003085606318647	0.9716666666666667	18	seed_N	11:64853046	18	6	0.3333333333333333
0.235	0.26977500000000004	2.210207193933629	0.8066666666666666	141	seed_N	11:65439446	141	63	0.44680851063829785
0.14666666666666667	0.15515555555555555	2.685667497572944	0.8683333333333333	88	seed_N	11:65439998	88	52	0.5909090909090909
0.8566666666666667	1.192788888888889	1.2748818074594501	0.485	514	seed_N	11:65440647	514	252	0.490272373540856
0.11666666666666667	0.12305555555555557	3.006795023115489	0.8933333333333333	70	seed_N	11:65592439	70	39	0.5571428571428572
0.2866666666666667	0.3178222222222223	1.966595011957248	0.76	172	seed_N	11:65597847	172	86	0.5
0.095	0.09264166666666665	3.2039045858443775	0.9083333333333333	57	seed_N	11:66337522	57	25	0.43859649122807015
0.12333333333333334	0.14145555555555553	3.049506298204154	0.89	74	seed_N	11:69492939	74	35	0.47297297297297297
0.21	0.23590000000000003	2.312835131199772	0.82	126	seed_N	11:70436523	126	74	0.5873015873015873
0.17166666666666666	0.1855305555555556	2.5091218243362503	0.8483333333333334	103	seed_N	11:72003032	103	51	0.49514563106796117
0.021666666666666667	0.021197222222222218	6.719661132604933	0.9783333333333334	13	seed_N	11:75205650	13	4	0.3076923076923077
0.07833333333333334	0.07886388888888889	3.5850274584097663	0.925	47	seed_N	11:75205802	47	22	0.46808510638297873
0.135	0.13344166666666665	2.705901354117585	0.8733333333333333	81	seed_N	11:75800527	81	26	0.32098765432098764
0.04	0.04173333333333333	5.107184469246892	0.9616666666666667	24	seed_N	11:85636371	24	14	0.5833333333333334
0.058333333333333334	0.06159722222222221	4.254649310373581	0.945	35	seed_N	11:95832124	35	17	0.4857142857142857
0.11166666666666666	0.1158638888888889	3.0482494063230012	0.8966666666666666	67	seed_N	11:95832625	67	29	0.43283582089552236
0.03	0.032433333333333335	6.003085606318647	0.9716666666666667	18	seed_N	11:102520694	18	5	0.2777777777777778
0.018333333333333333	0.017997222222222223	7.317475928304944	0.9816666666666667	11	seed_N	11:104943160	11	7	0.6363636363636364
0.023333333333333334	0.022788888888888893	6.469709614686531	0.9766666666666667	14	seed_N	11:106098374	14	8	0.5714285714285714
0.051666666666666666	0.06233055555555554	4.832146076606138	0.955	31	seed_N	11:106098531	31	19	0.6129032258064516
0.02666666666666667	0.029288888888888896	6.41774880243016	0.975	16	seed_N	11:108368901	16	8	0.5
0.03666666666666667	0.03865555555555556	5.362095295579241	0.965	22	seed_N	11:111883850	22	11	0.5
0.021666666666666667	0.021197222222222218	6.719661132604933	0.9783333333333334	13	seed_N	11:113798135	13	10	0.7692307692307693
0.6933333333333334	0.7126222222222222	1.2175522294854695	0.5033333333333333	416	seed_N	11:116789970	416	245	0.5889423076923077
5.206666666666667	15.533955555555554	0.7569745078675352	0.03333333333333333	3124	seed_N	11:116830819	3124	1579	0.5054417413572343
68.54333333333334	1135.3814555555555	0.4915929856280951	0.0	41126	seed_N	11:116832924	41126	20626	0.5015318776443126
65.93833333333333	1008.7845305555554	0.4816829137004798	0.0	39563	seed_N	11:116832955	39563	19541	0.4939210878851452
0.06	0.06306666666666667	4.185512926765782	0.9433333333333334	36	seed_N	11:117820203	36	22	0.6111111111111112
0.09166666666666666	0.08993055555555556	3.2714643992395995	0.9116666666666666	55	seed_N	11:118001371	55	24	0.43636363636363634
0.03	0.0291	5.686240684123191	0.97	18	seed_N	11:118657756	18	7	0.3888888888888889
0.06166666666666667	0.061197222222222236	4.0115792889991635	0.94	37	seed_N	11:118747911	37	20	0.5405405405405406
0.085	0.08110833333333337	3.3505323265017015	0.9166666666666666	51	seed_N	11:118791319	51	23	0.45098039215686275
0.07166666666666667	0.07319722222222223	3.7751142036573766	0.9316666666666666	43	seed_N	11:119023577	43	21	0.4883720930232558
0.5416666666666666	0.7115972222222223	1.557345640149122	0.6283333333333333	325	seed_N	11:119024492	325	184	0.5661538461538461
0.018333333333333333	0.017997222222222223	7.317475928304944	0.9816666666666667	11	seed_N	11:119024785	11	5	0.45454545454545453
0.11	0.11123333333333335	3.031969236131938	0.8966666666666666	66	seed_N	11:119096581	66	32	0.48484848484848486
0.023333333333333334	0.022788888888888893	6.469709614686531	0.9766666666666667	14	seed_N	11:119096814	14	8	0.5714285714285714
1.1433333333333333	1.5327888888888888	1.082850013846039	0.365	686	seed_N	11:120229811	686	279	0.4067055393586006
1.0083333333333333	1.3815972222222224	1.1656994763571285	0.41	605	seed_N	11:120229888	605	261	0.43140495867768597
0.04	0.03840000000000001	4.898979473318908	0.96	24	seed_N	11:120230158	24	13	0.5416666666666666
0.06	0.06306666666666667	4.185512926765782	0.9433333333333334	36	seed_N	11:124884244	36	18	0.5
0.02	0.019599999999999996	6.999999964999999	0.98	12	seed_N	11:125097259	12	3	0.25
0.045	0.04630833333333334	4.782082460138543	0.9566666666666667	27	seed_N	11:125893851	27	13	0.48148148148148145
0.02666666666666667	0.025955555555555558	6.041522964141575	0.9733333333333334	16	seed_N	11:129859423	16	7	0.4375
0.025	0.027708333333333335	6.65832809184608	0.9766666666666667	15	seed_N	11:130210142	15	5	0.3333333333333333
0.03333333333333333	0.03555555555555555	5.656854232521816	0.9683333333333334	20	seed_N	11:130210170	20	7	0.35
0.02666666666666667	0.025955555555555558	6.041522964141575	0.9733333333333334	16	seed_N	12:1786206	16	6	0.375
0.07166666666666667	0.07319722222222223	3.7751142036573766	0.9316666666666666	43	seed_N	12:6866342	43	21	0.4883720930232558
0.26166666666666666	0.2765305555555555	2.009662648850669	0.775	157	seed_N	12:7127589	157	86	0.5477707006369427
0.14	0.15373333333333333	2.80063160800576	0.875	84	seed_N	12:7128284	84	41	0.4880952380952381
0.06666666666666667	0.07222222222222223	4.0311288681025825	0.9383333333333334	40	seed_N	12:7158738	40	16	0.4
0.04	0.03840000000000001	4.898979473318908	0.96	24	seed_N	12:10116823	24	6	0.25
0.055	0.055308333333333334	4.2759497763640155	0.9466666666666667	33	seed_N	12:10116845	33	8	0.24242424242424243
0.125	0.129375	2.877498911685632	0.885	75	seed_N	12:10699173	75	34	0.4533333333333333
0.02666666666666667	0.029288888888888896	6.41774880243016	0.975	16	seed_N	12:14882147	16	10	0.625
1.19	1.7472333333333336	1.110781126121327	0.385	714	seed_N	12:16364060	714	322	0.45098039215686275
0.023333333333333334	0.026122222222222227	6.926730211685817	0.9783333333333334	14	seed_N	12:40368149	14	5	0.35714285714285715
0.08	0.08360000000000001	3.6142080691824803	0.925	48	seed_N	12:48829936	48	32	0.6666666666666666
0.021666666666666667	0.021197222222222218	6.719661132604933	0.9783333333333334	13	seed_N	12:49558611	13	5	0.38461538461538464
0.016666666666666666	0.016388888888888887	7.681145701781733	0.9833333333333333	10	seed_N	12:49644509	10	6	0.6
2.5383333333333336	4.731863888888889	0.8569736506816873	0.17666666666666667	1523	seed_N	12:49764761	1523	772	0.5068942875902823
0.02	0.019599999999999992	6.999999964999999	0.98	12	seed_N	12:54286558	12	6	0.5
0.06166666666666667	0.06453055555555556	4.119383523901088	0.9416666666666667	37	seed_N	12:57095865	37	31	0.8378378378378378
0.035	0.033775	5.250850256280172	0.965	21	seed_N	12:57096045	21	16	0.7619047619047619
0.09333333333333334	0.10128888888888889	3.4099194998550892	0.915	56	seed_N	12:66137052	56	46	0.8214285714285714
0.023333333333333334	0.022788888888888893	6.469709614686531	0.9766666666666667	14	seed_N	12:75499619	14	8	0.5714285714285714
0.016666666666666666	0.01638888888888889	7.681145701781734	0.9833333333333333	10	seed_N	12:79592094	10	7	0.7
0.25666666666666665	0.29745555555555553	2.124915046138083	0.7866666666666666	154	seed_N	12:91145898	154	68	0.44155844155844154
0.985	1.504775	1.245373307545558	0.4666666666666667	591	seed_N	12:95972733	591	317	0.5363790186125211
0.18666666666666668	0.26515555555555553	2.7585673581404127	0.85	112	seed_N	12:95972991	112	56	0.5
0.09333333333333334	0.09128888888888889	3.2372197661385957	0.91	56	seed_N	12:102396074	56	26	0.4642857142857143
0.018333333333333333	0.017997222222222223	7.317475928304944	0.9816666666666667	11	seed_N	12:103772465	11	4	0.36363636363636365
0.30666666666666664	0.31595555555555555	1.8329323035963343	0.7366666666666667	184	seed_N	12:103947325	184	83	0.45108695652173914
0.02	0.019599999999999996	6.999999964999999	0.98	12	seed_N	12:103951345	12	3	0.25
0.03166666666666667	0.030663888888888893	5.5298234307517316	0.9683333333333334	19	seed_N	12:105173353	19	9	0.47368421052631576
0.021666666666666667	0.024530555555555552	7.228723081393685	0.98	13	seed_N	12:106509896	13	5	0.38461538461538464
0.02666666666666667	0.029288888888888896	6.41774880243016	0.975	16	seed_N	12:109448798	16	6	0.375
0.17333333333333334	0.17995555555555554	2.4473751170392886	0.845	104	seed_N	12:109557065	104	32	0.3076923076923077
0.051666666666666666	0.05233055555555555	4.427588271890786	0.95	31	seed_N	12:113192144	31	9	0.2903225806451613
0.03	0.0291	5.686240684123191	0.97	18	seed_N	12:113298311	18	7	0.3888888888888889
0.145	0.15064166666666665	2.6767299202237287	0.8666666666666667	87	seed_N	12:120127384	87	39	0.4482758620689655
0.12833333333333333	0.13853055555555557	2.9002358248628113	0.885	77	seed_N	12:120503412	77	44	0.5714285714285714
0.02666666666666667	0.025955555555555558	6.041522964141575	0.9733333333333334	16	seed_N	12:121641762	16	8	0.5
0.02666666666666667	0.029288888888888896	6.41774880243016	0.975	16	seed_N	12:121857429	16	11	0.6875
0.043333333333333335	0.04145555555555555	4.698608621180273	0.9566666666666667	26	seed_N	12:122147205	26	10	0.38461538461538464
0.10166666666666667	0.10466388888888888	3.182144146138562	0.905	61	seed_N	12:122271637	61	30	0.4918032786885246
1.3066666666666666	1.6859555555555557	0.9937067698128934	0.31666666666666665	784	seed_N	12:132704890	784	292	0.37244897959183676
0.03166666666666667	0.030663888888888893	5.5298234307517316	0.9683333333333334	19	seed_N	12:133205019	19	7	0.3684210526315789
0.016666666666666666	0.01972222222222222	8.42614972261946	0.985	10	seed_N	14:20343283	10	6	0.6
0.03333333333333333	0.032222222222222215	5.385164790979009	0.9666666666666667	20	seed_N	14:20357806	20	7	0.35
0.02666666666666667	0.029288888888888896	6.41774880243016	0.975	16	seed_N	14:21209535	16	7	0.4375
0.06	0.05973333333333334	4.073400610949524	0.9416666666666667	36	seed_N	14:21459117	36	20	0.5555555555555556
0.03333333333333333	0.032222222222222215	5.385164790979009	0.9666666666666667	20	seed_N	14:22971970	20	8	0.4
0.05	0.04749999999999999	4.358898934822874	0.95	30	seed_N	14:23098565	30	17	0.5666666666666667
0.03	0.029099999999999994	5.686240684123191	0.97	18	seed_N	14:35029237	18	11	0.6111111111111112
0.03833333333333333	0.04019722222222222	5.230237793915849	0.9633333333333334	23	seed_N	14:35029279	23	14	0.6086956521739131
0.07833333333333334	0.07886388888888889	3.5850274584097663	0.925	47	seed_N	14:35401887	47	20	0.425531914893617
0.09333333333333334	0.09128888888888889	3.2372197661385957	0.91	56	seed_N	14:35402011	56	22	0.39285714285714285
0.06	0.08306666666666668	4.803548063375706	0.9483333333333334	36	seed_N	14:39179425	36	22	0.6111111111111112
0.05333333333333334	0.06382222222222222	4.736823821492559	0.9516666666666667	32	seed_N	14:39181720	32	11	0.34375
0.19833333333333333	0.1989972222222222	2.2491985552174456	0.82	119	seed_N	14:39350530	119	51	0.42857142857142855
0.028333333333333332	0.03753055555555556	6.837460400024048	0.9766666666666667	17	seed_N	14:49625416	17	6	0.35294117647058826
0.018333333333333333	0.01799722222222222	7.317475928304944	0.9816666666666667	11	seed_N	14:49784075	11	8	0.7272727272727273
0.023333333333333334	0.022788888888888893	6.469709614686531	0.9766666666666667	14	seed_N	14:50108690	14	5	0.35714285714285715
0.023333333333333334	0.022788888888888893	6.469709614686531	0.9766666666666667	14	seed_N	14:50108693	14	5	0.35714285714285715
0.32	0.3876	1.9455478014261889	0.7516666666666667	192	seed_N	14:50905385	192	44	0.22916666666666666
0.07833333333333334	0.07886388888888889	3.5850274584097663	0.925	47	seed_N	14:52727701	47	24	0.5106382978723404
0.06833333333333333	0.06699722222222222	3.787876330691619	0.9333333333333333	41	seed_N	14:54423634	41	19	0.4634146341463415
0.04	0.045066666666666665	5.30722776276215	0.9633333333333334	24	seed_N	14:64226188	24	18	0.75
0.018333333333333333	0.01799722222222222	7.317475928304944	0.9816666666666667	11	seed_N	14:64481771	11	5	0.45454545454545453
0.14	0.14706666666666662	2.739233715809052	0.8733333333333333	84	seed_N	14:67677474	84	37	0.44047619047619047
0.02666666666666667	0.025955555555555558	6.041522964141575	0.9733333333333334	16	seed_N	14:70584371	16	7	0.4375
0.07	0.07176666666666667	3.8270430441209973	0.9333333333333333	42	seed_N	14:73220236	42	22	0.5238095238095238
0.135	0.1434416666666667	2.805458782872355	0.8783333333333333	81	seed_N	14:74286199	81	31	0.38271604938271603
0.09	0.09523333333333334	3.4288776035261774	0.9166666666666666	54	seed_N	14:75470319	54	25	0.46296296296296297
0.028333333333333332	0.02753055555555556	5.856117946642017	0.9716666666666667	17	seed_N	14:77469177	17	9	0.5294117647058824
0.02666666666666667	0.032622222222222226	6.773108566672876	0.9766666666666667	16	seed_N	14:88087008	16	7	0.4375
0.02666666666666667	0.032622222222222226	6.773108566672876	0.9766666666666667	16	seed_N	14:88087009	16	9	0.5625
0.028333333333333332	0.02753055555555556	5.856117946642017	0.9716666666666667	17	seed_N	14:90278202	17	11	0.6470588235294118
0.295	0.3013083333333334	1.860730838829511	0.7483333333333333	177	seed_N	14:94116589	177	86	0.4858757062146893
0.23	0.24043333333333336	2.131913121171736	0.7983333333333333	138	seed_N	14:94377118	138	84	0.6086956521739131
0.023333333333333334	0.026122222222222227	6.926730211685817	0.9783333333333334	14	seed_N	14:94377481	14	11	0.7857142857142857
69.25333333333333	1462.7424888888888	0.552259577677107	0.0	41552	seed_N	14:94378506	41552	19094	0.4595206006931074
0.24	0.2690666666666667	2.1613181839802182	0.7966666666666666	144	seed_N	14:94592739	144	74	0.5138888888888888
2.48	3.766266666666667	0.7825351465506875	0.14666666666666667	1488	seed_N	14:94593044	1488	715	0.48051075268817206
0.023333333333333334	0.022788888888888893	6.469709614686531	0.9766666666666667	14	seed_N	14:95407329	14	10	0.7142857142857143
0.021666666666666667	0.021197222222222218	6.719661132604933	0.9783333333333334	13	seed_N	14:100280985	13	9	0.6923076923076923
0.7633333333333333	1.033988888888889	1.332121102938636	0.51	458	seed_N	14:100330064	458	214	0.4672489082969432
0.041666666666666664	0.04326388888888891	4.991993577758691	0.96	25	seed_N	14:102342318	25	10	0.4
0.07166666666666667	0.08319722222222221	4.0247342300732765	0.935	43	seed_N	14:102348361	43	23	0.5348837209302325
0.018333333333333333	0.017997222222222223	7.317475928304944	0.9816666666666667	11	seed_N	14:102348608	11	5	0.45454545454545453
0.3016666666666667	0.35733055555555554	1.981562398674464	0.7616666666666667	181	seed_N	14:102930718	181	91	0.5027624309392266
0.02666666666666667	0.029288888888888896	6.41774880243016	0.975	16	seed_N	14:103503572	16	10	0.625
0.051666666666666666	0.05233055555555555	4.427588271890786	0.95	31	seed_N	14:103535897	31	13	0.41935483870967744
0.225	0.22770833333333335	2.1208353030900593	0.7983333333333333	135	seed_N	14:104115423	135	59	0.43703703703703706
1.2283333333333333	160.66953055555555	10.319306808459375	0.625	737	seed_N	14:105769274	737	306	0.4151967435549525
0.145	0.15397499999999997	2.7061826406486227	0.8683333333333333	87	seed_N	15:30938987	87	36	0.41379310344827586
0.145	0.1473083333333333	2.6469494984026247	0.8666666666666667	87	seed_N	15:30939052	87	43	0.4942528735632184
0.04833333333333333	0.04933055555555555	4.595272337473194	0.9533333333333334	29	seed_N	15:40035497	29	11	0.3793103448275862
0.08333333333333333	0.09972222222222221	3.7894590597519326	0.9266666666666666	50	seed_N	15:40036374	50	21	0.42
0.025	0.03770833333333334	7.7674534340842145	0.98	15	seed_N	15:40038363	15	6	0.4
0.04	0.038400000000000004	4.898979473318907	0.96	24	seed_N	15:40418524	24	16	0.6666666666666666
0.051666666666666666	0.05899722222222221	4.701163306980696	0.9533333333333334	31	seed_N	15:40814287	31	15	0.4838709677419355
0.03666666666666667	0.035322222222222234	5.12569284384282	0.9633333333333334	22	seed_N	15:41503702	22	12	0.5454545454545454
0.03	0.0291	5.686240684123191	0.97	18	seed_N	15:44712948	18	6	0.3333333333333333
1.9333333333333333	3.575555555555556	0.9780589381344338	0.22	1160	seed_N	15:44717814	1160	531	0.45775862068965517
0.06666666666666667	0.07222222222222223	4.0311288681025825	0.9383333333333334	40	seed_N	15:45167366	40	19	0.475
1.8983333333333334	3.8346638888888895	1.0315521252291113	0.25833333333333336	1139	seed_N	15:45361394	1139	532	0.46707638279192276
0.4083333333333333	0.5649305555555555	1.8406986699373602	0.7083333333333334	245	seed_N	15:45361509	245	125	0.5102040816326531
0.025	0.024374999999999997	6.244997973418406	0.975	15	seed_N	15:55359172	15	7	0.4666666666666667
0.09666666666666666	0.09065555555555557	3.1147304472076813	0.905	58	seed_N	15:57550469	58	32	0.5517241379310345
1.8866666666666667	2.610488888888889	0.8563784853087353	0.19833333333333333	1132	seed_N	15:58185868	1132	524	0.4628975265017668
0.095	0.10264166666666666	3.372393487400182	0.9133333333333333	57	seed_N	15:63071702	57	23	0.40350877192982454
0.045	0.04630833333333335	4.782082460138544	0.9566666666666667	27	seed_N	15:63153565	27	5	0.18518518518518517
0.08666666666666667	0.09582222222222224	3.5717497701076426	0.9216666666666666	52	seed_N	15:63157481	52	16	0.3076923076923077
0.08833333333333333	0.0838638888888889	3.278407080252997	0.9133333333333333	53	seed_N	15:73714350	53	25	0.4716981132075472
0.03666666666666667	0.041988888888888895	5.588506489959958	0.9666666666666667	22	seed_N	15:73983335	22	13	0.5909090909090909
0.05	0.054166666666666655	4.654746671946819	0.9533333333333334	30	seed_N	15:75658392	30	17	0.5666666666666667
0.11166666666666666	0.10253055555555554	2.8674978608028265	0.89	67	seed_N	15:78548878	67	27	0.40298507462686567
0.06833333333333333	0.06366388888888887	3.6924444886224888	0.9316666666666666	41	seed_N	15:79899001	41	28	0.6829268292682927
0.03333333333333333	0.03555555555555555	5.656854232521816	0.9683333333333334	20	seed_N	15:79924758	20	10	0.5
0.15666666666666668	0.16212222222222222	2.5700683330361005	0.8566666666666667	94	seed_N	15:80180219	94	48	0.5106382978723404
0.8366666666666667	1.0199888888888888	1.207105569180279	0.4666666666666667	502	seed_N	15:80186303	502	226	0.450199203187251
0.025	0.024375	6.244997973418406	0.975	15	seed_N	15:84895760	15	1	0.06666666666666667
0.12666666666666668	0.12395555555555554	2.779525456018457	0.88	76	seed_N	15:90229599	76	35	0.4605263157894737
1.6966666666666668	2.897988888888889	1.003348556893787	0.26166666666666666	1018	seed_N	15:90883330	1018	531	0.5216110019646365
0.06	0.06306666666666667	4.185512926765782	0.9433333333333334	36	seed_N	15:90931006	36	16	0.4444444444444444
0.15833333333333333	0.16993055555555558	2.603534778572849	0.86	95	seed_N	15:90954009	95	49	0.5157894736842106
0.02666666666666667	0.02928888888888889	6.417748802430158	0.975	16	seed_N	15:97973522	16	5	0.3125
0.02	0.019599999999999996	6.999999964999999	0.98	12	seed_N	15:99716413	12	5	0.4166666666666667
0.02666666666666667	0.025955555555555558	6.041522964141575	0.9733333333333334	16	seed_N	15:100547844	16	8	0.5
0.085	0.08444166666666669	3.418688035612723	0.9183333333333333	51	seed_N	16:554554	51	28	0.5490196078431373
0.095	0.10597499999999999	3.4267159565314627	0.915	57	seed_N	16:717430	57	21	0.3684210526315789
0.058333333333333334	0.2482638888888889	8.54161480185823	0.9683333333333334	35	seed_N	16:1228424	35	21	0.6
0.49	0.5065666666666666	1.4525203454176345	0.6233333333333333	294	seed_N	16:1809149	294	109	0.3707482993197279
0.5183333333333333	0.5496638888888888	1.4303405939627563	0.61	311	seed_N	16:1809152	311	114	0.3665594855305466
0.05	0.047499999999999994	4.358898934822875	0.95	30	seed_N	16:1978401	30	8	0.26666666666666666
0.055	0.05530833333333335	4.275949776364016	0.9466666666666667	33	seed_N	16:1986047	33	14	0.42424242424242425
0.07666666666666666	0.07078888888888889	3.47037148291819	0.9233333333333333	46	seed_N	16:1997810	46	16	0.34782608695652173
0.07833333333333334	0.08553055555555555	3.7334817983132322	0.9283333333333333	47	seed_N	16:2253352	47	21	0.44680851063829785
0.07166666666666667	0.0798638888888889	3.943283678023632	0.935	43	seed_N	16:2253370	43	17	0.3953488372093023
0.03666666666666667	0.035322222222222234	5.12569284384282	0.9633333333333334	22	seed_N	16:4510300	22	7	0.3181818181818182
0.02666666666666667	0.025955555555555558	6.041522964141575	0.9733333333333334	16	seed_N	16:4510928	16	7	0.4375
0.10166666666666667	0.11799722222222224	3.3787597098964834	0.91	61	seed_N	16:4797168	61	32	0.5245901639344263
0.03333333333333333	0.03555555555555555	5.656854232521816	0.9683333333333334	20	seed_N	16:4797316	20	8	0.4
0.03666666666666667	0.035322222222222234	5.12569284384282	0.9633333333333334	22	seed_N	16:8853179	22	14	0.6363636363636364
0.02666666666666667	0.025955555555555558	6.041522964141575	0.9733333333333334	16	seed_N	16:8853271	16	10	0.625
0.02666666666666667	0.025955555555555558	6.041522964141575	0.9733333333333334	16	seed_N	16:10483438	16	5	0.3125
0.03333333333333333	0.032222222222222215	5.385164790979009	0.9666666666666667	20	seed_N	16:11548386	20	8	0.4
0.04666666666666667	0.04782222222222222	4.686062694774644	0.955	28	seed_N	16:15038117	28	12	0.42857142857142855
0.5666666666666667	0.6422222222222221	1.414213562123528	0.5933333333333334	340	seed_N	16:20486757	340	88	0.25882352941176473
0.016666666666666666	0.01638888888888889	7.681145701781734	0.9833333333333333	10	seed_N	16:23669844	10	3	0.3
0.058333333333333334	0.06159722222222221	4.254649310373581	0.945	35	seed_N	16:27221459	35	17	0.4857142857142857
0.14666666666666667	0.1584888888888889	2.714363384846319	0.8666666666666667	88	seed_N	16:27221697	88	41	0.4659090909090909
0.23333333333333334	0.2555555555555556	2.1665358402290704	0.7983333333333333	140	seed_N	16:27225082	140	67	0.4785714285714286
0.03666666666666667	0.035322222222222234	5.12569284384282	0.9633333333333334	22	seed_N	16:27364466	22	15	0.6818181818181818
0.07166666666666667	0.06986388888888888	3.6881550663305505	0.93	43	seed_N	16:28499524	43	27	0.627906976744186
0.08166666666666667	0.07833055555555553	3.427052623444413	0.92	49	seed_N	16:28592014	49	23	0.46938775510204084
0.06833333333333333	0.06699722222222221	3.787876330691619	0.9333333333333333	41	seed_N	16:28592021	41	15	0.36585365853658536
0.07	0.07176666666666666	3.8270430441209964	0.9333333333333333	42	seed_N	16:28592334	42	23	0.5476190476190477
0.6916666666666667	0.7499305555555554	1.252026952716727	0.5116666666666667	415	seed_N	16:28605736	415	215	0.5180722891566265
0.295	0.297975	1.850409707337772	0.7483333333333333	177	seed_N	16:28605807	177	91	0.5141242937853108
0.043333333333333335	0.04478888888888888	4.883858197760318	0.9583333333333334	26	seed_N	16:31382858	26	7	0.2692307692307692
0.27166666666666667	0.3045305555555555	2.0313234550618158	0.7766666666666666	163	seed_N	16:56361585	163	71	0.43558282208588955
0.02666666666666667	0.02928888888888889	6.417748802430158	0.975	16	seed_N	16:56477333	16	11	0.6875
0.06666666666666667	0.08555555555555555	4.387482187114838	0.9433333333333334	40	seed_N	16:56639916	40	36	0.9
11.608333333333333	51.924930555555555	0.6207519490144272	0.005	6965	seed_N	16:56666810	6965	3291	0.472505384063173
0.041666666666666664	0.03993055555555557	4.795831511802725	0.9583333333333334	25	seed_N	16:56666995	25	12	0.48
0.03333333333333333	0.035555555555555556	5.656854232521817	0.9683333333333334	20	seed_N	16:57083493	20	6	0.3
0.023333333333333334	0.022788888888888893	6.469709614686531	0.9766666666666667	14	seed_N	16:57689327	14	6	0.42857142857142855
0.03666666666666667	0.03532222222222223	5.1256928438428195	0.9633333333333334	22	seed_N	16:57758221	22	8	0.36363636363636365
0.2633333333333333	0.3206555555555556	2.1503717582360258	0.7916666666666666	158	seed_N	16:58707463	158	55	0.34810126582278483
0.03666666666666667	0.041988888888888895	5.588506489959958	0.9666666666666667	22	seed_N	16:67148096	22	11	0.5
0.021666666666666667	0.024530555555555552	7.228723081393685	0.98	13	seed_N	16:69941457	13	6	0.46153846153846156
0.03666666666666667	0.041988888888888895	5.588506489959958	0.9666666666666667	22	seed_N	16:72024982	22	11	0.5
0.03833333333333333	0.04019722222222222	5.230237793915849	0.9633333333333334	23	seed_N	16:72025250	23	10	0.43478260869565216
0.021666666666666667	0.021197222222222218	6.719661132604933	0.9783333333333334	13	seed_N	16:72112542	13	7	0.5384615384615384
0.06	0.056400000000000006	3.9581140224157827	0.94	36	seed_N	16:72112671	36	20	0.5555555555555556
0.04666666666666667	0.05448888888888888	5.002040389284654	0.9583333333333334	28	seed_N	16:75294018	28	17	0.6071428571428571
0.02	0.019599999999999992	6.999999964999999	0.98	12	seed_N	16:81082228	12	2	0.16666666666666666
0.021666666666666667	0.024530555555555552	7.228723081393685	0.98	13	seed_N	16:81082237	13	2	0.15384615384615385
0.5533333333333333	0.5638222222222222	1.3570137902662103	0.5733333333333334	332	seed_N	16:81082405	332	210	0.6325301204819277
0.035	0.033775	5.250850256280172	0.965	21	seed_N	16:82148193	21	13	0.6190476190476191
0.03	0.0291	5.686240684123191	0.97	18	seed_N	16:83915901	18	9	0.5
0.045	0.04630833333333334	4.782082460138543	0.9566666666666667	27	seed_N	16:83916160	27	10	0.37037037037037035
0.03333333333333333	0.03888888888888889	5.916079765351377	0.97	20	seed_N	16:84178502	20	5	0.25
0.18833333333333332	0.21286388888888888	2.4497614869592184	0.8383333333333334	113	seed_N	16:88643304	113	36	0.3185840707964602
0.435	0.4724416666666667	1.5801009690097556	0.6616666666666666	261	seed_N	16:88643329	261	101	0.38697318007662834
0.565	0.6357750000000001	1.4112477917725514	0.5816666666666667	339	seed_N	16:88643420	339	152	0.44837758112094395
0.021666666666666667	0.021197222222222218	6.719661132604933	0.9783333333333334	13	seed_N	16:88651945	13	4	0.3076923076923077
0.058333333333333334	0.054930555555555545	4.017817453233808	0.9416666666666667	35	seed_N	16:88813787	35	13	0.37142857142857144
0.056666666666666664	0.056788888888888896	4.205368122394087	0.945	34	seed_N	16:88813828	34	12	0.35294117647058826
0.08	0.0736	3.391164987323678	0.92	48	seed_N	16:89561052	48	9	0.1875
0.22	0.23493333333333336	2.2031782692159534	0.8083333333333333	132	seed_N	16:89561263	132	52	0.3939393939393939
0.3383333333333333	0.4205305555555556	1.916699328941374	0.735	203	seed_N	16:89563328	203	124	0.6108374384236454
0.285	0.343775	2.0572746998463622	0.775	171	seed_N	16:89563372	171	103	0.6023391812865497
0.17333333333333334	0.18995555555555554	2.5144552491156835	0.85	104	seed_N	16:89563411	104	53	0.5096153846153846
0.025	0.027708333333333328	6.658328091846079	0.9766666666666667	15	seed_N	17:28394876	15	7	0.4666666666666667
0.04	0.04173333333333333	5.107184469246892	0.9616666666666667	24	seed_N	17:28860771	24	10	0.4166666666666667
0.03166666666666667	0.03066388888888889	5.5298234307517316	0.9683333333333334	19	seed_N	17:29261788	19	11	0.5789473684210527
0.06333333333333334	0.06265555555555555	3.9522776427815085	0.9383333333333334	38	seed_N	17:36105271	38	18	0.47368421052631576
0.08333333333333333	0.08638888888888888	3.527038413477234	0.9216666666666666	50	seed_N	17:38733306	50	24	0.48
0.10333333333333333	0.1059888888888889	3.1505743297403668	0.9033333333333333	62	seed_N	17:40019209	62	46	0.7419354838709677
0.041666666666666664	0.0432638888888889	4.991993577758691	0.96	25	seed_N	17:41867214	25	12	0.48
0.09833333333333333	0.10533055555555557	3.300474834731505	0.91	59	seed_N	17:42313598	59	27	0.4576271186440678
0.03	0.032433333333333335	6.003085606318647	0.9716666666666667	18	seed_N	17:45151932	18	13	0.7222222222222222
0.03	0.0391	6.59123995579093	0.975	18	seed_N	17:46941877	18	6	0.3333333333333333
0.31666666666666665	0.36972222222222223	1.9201511938099205	0.7383333333333333	190	seed_N	17:47981705	190	100	0.5263157894736842
0.155	0.16764166666666663	2.641552742769818	0.8616666666666667	93	seed_N	17:49404181	93	43	0.46236559139784944
0.041666666666666664	0.039930555555555566	4.795831511802724	0.9583333333333334	25	seed_N	17:49599620	25	12	0.48
0.03333333333333333	0.032222222222222215	5.385164790979009	0.9666666666666667	20	seed_N	17:54961293	20	13	0.65
0.025	0.027708333333333335	6.65832809184608	0.9766666666666667	15	seed_N	17:54961384	15	9	0.6
0.05	0.05083333333333332	4.509249743804394	0.9516666666666667	30	seed_N	17:54962122	30	15	0.5
0.02666666666666667	0.025955555555555558	6.041522964141575	0.9733333333333334	16	seed_N	17:57006572	16	10	0.625
0.03333333333333333	0.032222222222222215	5.385164790979009	0.9666666666666667	20	seed_N	17:64322640	20	10	0.5
0.03333333333333333	0.03222222222222222	5.38516479097901	0.9666666666666667	20	seed_N	17:64323215	20	7	0.35
0.056666666666666664	0.056788888888888896	4.205368122394087	0.945	34	seed_N	17:68256954	34	17	0.5
0.615	0.706775	1.3669904287748682	0.5583333333333333	369	seed_N	17:68532637	369	185	0.5013550135501355
0.03833333333333333	0.03686388888888889	5.008688090792904	0.9616666666666667	23	seed_N	17:68974804	23	10	0.43478260869565216
0.03833333333333333	0.03686388888888889	5.008688090792904	0.9616666666666667	23	seed_N	17:74450469	23	12	0.5217391304347826
0.09333333333333334	0.09795555555555556	3.3533413090658493	0.9133333333333333	56	seed_N	17:74451561	56	21	0.375
0.055	0.051975000000000014	4.145095670710008	0.945	33	seed_N	17:74451611	33	14	0.42424242424242425
0.043333333333333335	0.04145555555555556	4.698608621180273	0.9566666666666667	26	seed_N	17:74451622	26	12	0.46153846153846156
0.23666666666666666	0.2573222222222222	2.1433917386456423	0.7966666666666666	142	seed_N	17:74769076	142	82	0.5774647887323944
0.10666666666666667	0.12862222222222222	3.362244410926087	0.9083333333333333	64	seed_N	17:74862678	64	39	0.609375
0.02	0.022933333333333326	7.5718777565409745	0.9816666666666667	12	seed_N	17:75776775	12	4	0.3333333333333333
0.021666666666666667	0.024530555555555555	7.228723081393685	0.98	13	seed_N	17:75825549	13	8	0.6153846153846154
0.023333333333333334	0.026122222222222227	6.926730211685817	0.9783333333333334	14	seed_N	17:76039462	14	4	0.2857142857142857
0.018333333333333333	0.01799722222222222	7.317475928304944	0.9816666666666667	11	seed_N	17:76081416	11	7	0.6363636363636364
0.02	0.022933333333333326	7.5718777565409745	0.9816666666666667	12	seed_N	17:76270929	12	4	0.3333333333333333
0.04	0.0484	5.49999998625	0.965	24	seed_N	17:76470935	24	14	0.5833333333333334
0.13166666666666665	0.13766388888888892	2.81795579236723	0.88	79	seed_N	17:77500378	79	33	0.4177215189873418
0.185	0.18744166666666665	2.340245075065163	0.8333333333333334	111	seed_N	17:78207571	111	54	0.4864864864864865
0.11166666666666666	0.10586388888888887	2.913737135890731	0.8916666666666667	67	seed_N	17:80999968	67	28	0.417910447761194
0.12	0.12893333333333332	2.99227399961649	0.89	72	seed_N	17:81681336	72	26	0.3611111111111111
0.065	0.08410833333333334	4.461759492523273	0.9416666666666667	39	seed_N	17:81681497	39	10	0.2564102564102564
0.15333333333333332	0.15315555555555557	2.552288715107494	0.8566666666666667	92	seed_N	17:81720657	92	36	0.391304347826087
0.4	0.44666666666666677	1.6708281375625782	0.6833333333333333	240	seed_N	17:81720823	240	174	0.725
0.49	0.5632333333333333	1.5316096520366258	0.63	294	seed_N	17:81720863	294	152	0.5170068027210885
2.9483333333333333	5.785663888888888	0.815830650466923	0.10833333333333334	1769	seed_N	17:81843412	1769	894	0.5053702656868287
0.465	0.448775	1.4406595909226658	0.6216666666666667	279	seed_N	17:82101611	279	118	0.4229390681003584
0.185	0.17410833333333334	2.255475170297995	0.8266666666666667	111	seed_N	17:82101720	111	51	0.4594594594594595
0.035	0.033775	5.250850256280172	0.965	21	seed_N	17:82321536	21	13	0.6190476190476191
0.03	0.0291	5.686240684123191	0.97	18	seed_N	17:82321552	18	10	0.5555555555555556
0.15	0.16416666666666666	2.7011657273421603	0.8683333333333333	90	seed_N	17:82614752	90	44	0.4888888888888889
0.021666666666666667	0.021197222222222218	6.719661132604933	0.9783333333333334	13	seed_N	17:82657414	13	6	0.46153846153846156
0.03833333333333333	0.04353055555555555	5.442776715148326	0.965	23	seed_N	17:82727779	23	12	0.5217391304347826
0.043333333333333335	0.051455555555555546	5.234726997411886	0.9616666666666667	26	seed_N	17:82727784	26	14	0.5384615384615384
0.06333333333333334	0.06265555555555555	3.9522776427815085	0.9383333333333334	38	seed_N	17:82941405	38	17	0.4473684210526316
0.02666666666666667	0.025955555555555558	6.041522964141575	0.9733333333333334	16	seed_N	18:3066946	16	6	0.375
0.44	0.43640000000000007	1.5013767782873002	0.64	264	seed_N	18:3256114	264	124	0.4696969696969697
0.023333333333333334	0.022788888888888893	6.469709614686531	0.9766666666666667	14	seed_N	18:5239337	14	7	0.5
0.04833333333333333	0.05599722222222221	4.895944585548364	0.9566666666666667	29	seed_N	18:5246399	29	21	0.7241379310344828
0.07666666666666666	0.08745555555555556	3.8573328835372367	0.9316666666666666	46	seed_N	18:9255720	46	25	0.5434782608695652
0.043333333333333335	0.04478888888888888	4.883858197760318	0.9583333333333334	26	seed_N	18:9255984	26	9	0.34615384615384615
0.041666666666666664	0.03993055555555557	4.795831511802725	0.9583333333333334	25	seed_N	18:24453297	25	15	0.6
0.13833333333333334	0.14919722222222223	2.7922450288450364	0.8766666666666667	83	seed_N	18:27951104	83	38	0.4578313253012048
0.025	0.034375	7.416198457430869	0.9783333333333334	15	seed_N	18:31548609	15	9	0.6
0.021666666666666667	0.024530555555555552	7.228723081393685	0.98	13	seed_N	18:35468437	13	2	0.15384615384615385
0.03166666666666667	0.03066388888888889	5.5298234307517316	0.9683333333333334	19	seed_N	18:45983711	19	9	0.47368421052631576
0.09333333333333334	0.09128888888888888	3.2372197661385957	0.91	56	seed_N	18:54154874	56	23	0.4107142857142857
0.055	0.05530833333333335	4.275949776364016	0.9466666666666667	33	seed_N	18:57483039	33	11	0.3333333333333333
0.03166666666666667	0.03066388888888889	5.5298234307517316	0.9683333333333334	19	seed_N	18:58449913	19	8	0.42105263157894735
0.2816666666666667	0.2989972222222222	1.94132444162212	0.7583333333333333	169	seed_N	18:58451261	169	74	0.4378698224852071
0.21666666666666667	0.2297222222222222	2.2121236673710816	0.81	130	seed_N	18:58451767	130	60	0.46153846153846156
0.13	0.13310000000000002	2.8063748204496655	0.88	78	seed_N	18:74584901	78	32	0.41025641025641024
0.02	0.019599999999999996	6.999999964999999	0.98	12	seed_N	18:79364141	12	4	0.3333333333333333
0.09	0.08523333333333333	3.2438609281953408	0.9116666666666666	54	seed_N	18:79970600	54	25	0.46296296296296297
0.04	0.041733333333333344	5.107184469246893	0.9616666666666667	24	seed_N	18:79970807	24	15	0.625
0.26666666666666666	0.27222222222222225	1.9565594795786063	0.7683333333333333	160	seed_N	19:416834	160	72	0.45
0.08333333333333333	0.07972222222222221	3.3882148651536257	0.9183333333333333	50	seed_N	19:416963	50	27	0.54
0.04	0.0384	4.8989794733189065	0.96	24	seed_N	19:541685	24	15	0.625
0.025	0.027708333333333335	6.65832809184608	0.9766666666666667	15	seed_N	19:549725	15	6	0.4
0.025	0.027708333333333335	6.65832809184608	0.9766666666666667	15	seed_N	19:549728	15	6	0.4
0.44333333333333336	0.4501222222222222	1.5133341789010248	0.6466666666666666	266	seed_N	19:583418	266	110	0.41353383458646614
0.09166666666666666	0.10993055555555557	3.616993862250146	0.92	55	seed_N	19:683221	55	24	0.43636363636363634
0.016666666666666666	0.01638888888888889	7.681145701781734	0.9833333333333333	10	seed_N	19:994557	10	1	0.1
0.29333333333333333	0.32728888888888885	1.9503125405101147	0.7533333333333333	176	seed_N	19:1009884	176	80	0.45454545454545453
0.42	0.4502666666666667	1.597664583930308	0.6683333333333333	252	seed_N	19:1088286	252	140	0.5555555555555556
0.045	0.049641666666666674	4.951202195752884	0.9583333333333334	27	seed_N	19:1244519	27	16	0.5925925925925926
0.08	0.08693333333333332	3.68555739330905	0.9266666666666666	48	seed_N	19:1852495	48	23	0.4791666666666667
0.08833333333333333	0.09719722222222223	3.529411586201212	0.92	53	seed_N	19:1852583	53	22	0.41509433962264153
0.035	0.033775	5.250850256280172	0.965	21	seed_N	19:1925943	21	8	0.38095238095238093
0.035	0.033775	5.250850256280172	0.965	21	seed_N	19:1925971	21	12	0.5714285714285714
0.056666666666666664	0.05345555555555556	4.080080730178643	0.9433333333333334	34	seed_N	19:2233483	34	13	0.38235294117647056
0.04	0.03840000000000001	4.898979473318908	0.96	24	seed_N	19:3053576	24	7	0.2916666666666667
0.04666666666666667	0.04782222222222221	4.686062694774643	0.955	28	seed_N	19:3209269	28	18	0.6428571428571429
0.035	0.033775	5.250850256280172	0.965	21	seed_N	19:3750692	21	14	0.6666666666666666
0.7566666666666667	1.0041222222222224	1.3243070369020862	0.5316666666666666	454	seed_N	19:3976323	454	218	0.4801762114537445
0.2783333333333333	0.2908638888888889	1.9376694063043585	0.76	167	seed_N	19:4445076	167	81	0.48502994011976047
0.30333333333333334	0.35132222222222226	1.9540365047498416	0.755	182	seed_N	19:4445159	182	78	0.42857142857142855
0.028333333333333332	0.030863888888888896	6.2005134070188745	0.9733333333333334	17	seed_N	19:4816148	17	11	0.6470588235294118
37.85166666666667	412.4396638888889	0.5365314759765976	0.0	22711	seed_N	19:6677978	22711	11467	0.5049095152128924
0.045	0.04630833333333335	4.782082460138544	0.9566666666666667	27	seed_N	19:7647391	27	15	0.5555555555555556
0.06	0.0664	4.29469956841721	0.945	36	seed_N	19:7769388	36	15	0.4166666666666667
0.018333333333333333	0.017997222222222223	7.317475928304944	0.9816666666666667	11	seed_N	19:7864804	11	8	0.7272727272727273
0.03666666666666667	0.03865555555555557	5.362095295579242	0.965	22	seed_N	19:7913545	22	11	0.5
0.05333333333333334	0.053822222222222216	4.349928152170213	0.9483333333333334	32	seed_N	19:8374583	32	15	0.46875
0.11	0.11790000000000002	3.121506308687612	0.9	66	seed_N	19:8521202	66	28	0.42424242424242425
0.08833333333333333	0.10386388888888888	3.6484438772291043	0.9216666666666666	53	seed_N	19:10259768	53	25	0.4716981132075472
0.125	0.12604166666666666	2.8401877849466217	0.8833333333333333	75	seed_N	19:10286547	75	29	0.38666666666666666
0.04833333333333333	0.045997222222222224	4.437302681916049	0.9516666666666667	29	seed_N	19:11132484	29	17	0.5862068965517241
0.025	0.027708333333333335	6.65832809184608	0.9766666666666667	15	seed_N	19:11132652	15	4	0.26666666666666666
0.065	0.06744166666666668	3.995312829518721	0.9383333333333334	39	seed_N	19:11553253	39	19	0.48717948717948717
0.03666666666666667	0.041988888888888895	5.588506489959958	0.9666666666666667	22	seed_N	19:13774210	22	9	0.4090909090909091
0.11666666666666667	0.10972222222222223	2.839229556759488	0.8866666666666667	70	seed_N	19:14471656	70	31	0.44285714285714284
0.12666666666666668	0.1206222222222222	2.7418981615471547	0.8783333333333333	76	seed_N	19:15659890	76	21	0.27631578947368424
0.18166666666666667	0.1886638888888889	2.3909425630854537	0.8366666666666667	109	seed_N	19:15659974	109	40	0.3669724770642202
0.025	0.027708333333333335	6.65832809184608	0.9766666666666667	15	seed_N	19:15660998	15	9	0.6
0.025	0.027708333333333335	6.65832809184608	0.9766666666666667	15	seed_N	19:15661001	15	9	0.6
0.02666666666666667	0.025955555555555555	6.041522964141574	0.9733333333333334	16	seed_N	19:15661161	16	8	0.5
0.025	0.024374999999999994	6.244997973418404	0.975	15	seed_N	19:15661168	15	7	0.4666666666666667
0.025	0.024374999999999997	6.244997973418406	0.975	15	seed_N	19:15661423	15	12	0.8
0.065	0.06410833333333334	3.8953266837373164	0.9366666666666666	39	seed_N	19:15661567	39	21	0.5384615384615384
0.058333333333333334	0.06159722222222221	4.254649310373581	0.945	35	seed_N	19:15661907	35	19	0.5428571428571428
0.07833333333333334	0.07886388888888889	3.5850274584097663	0.925	47	seed_N	19:15661928	47	30	0.6382978723404256
0.22333333333333333	0.25345555555555555	2.2542255057514056	0.8133333333333334	134	seed_N	19:15662529	134	66	0.4925373134328358
0.045	0.04630833333333335	4.782082460138544	0.9566666666666667	27	seed_N	19:15912508	27	4	0.14814814814814814
0.041666666666666664	0.04659722222222223	5.180733526361688	0.9616666666666667	25	seed_N	19:15912567	25	18	0.72
0.041666666666666664	0.04659722222222223	5.180733526361688	0.9616666666666667	25	seed_N	19:15912568	25	7	0.28
0.04666666666666667	0.04782222222222221	4.686062694774643	0.955	28	seed_N	19:16235011	28	20	0.7142857142857143
0.13333333333333333	0.13222222222222224	2.727178026613545	0.875	80	seed_N	19:16518039	80	33	0.4125
1.4283333333333332	1.9348638888888887	0.9738580041339594	0.31166666666666665	857	seed_N	19:17403117	857	446	0.5204200700116686
0.055	0.051975000000000014	4.145095670710008	0.945	33	seed_N	19:18013946	33	15	0.45454545454545453
0.018333333333333333	0.017997222222222223	7.317475928304944	0.9816666666666667	11	seed_N	19:18196658	11	4	0.36363636363636365
0.16833333333333333	0.19666388888888886	2.634463511220081	0.8533333333333334	101	seed_N	19:18388974	101	46	0.45544554455445546
0.16333333333333333	0.18332222222222222	2.62139659498591	0.8583333333333333	98	seed_N	19:18389005	98	41	0.41836734693877553
0.17166666666666666	0.17886388888888893	2.463629296674305	0.845	103	seed_N	19:18389048	103	46	0.44660194174757284
0.025	0.024374999999999994	6.244997973418404	0.975	15	seed_N	19:18391268	15	7	0.4666666666666667
4.766666666666667	8.045555555555556	0.5950633957778605	0.016666666666666666	2860	seed_N	19:18575154	2860	1288	0.45034965034965035
0.345	0.40264166666666673	1.8392478724356867	0.73	207	seed_N	19:18592267	207	98	0.47342995169082125
0.03	0.0291	5.686240684123191	0.97	18	seed_N	19:19176993	18	12	0.6666666666666666
0.02	0.019599999999999996	6.999999964999999	0.98	12	seed_N	19:19177092	12	9	0.75
0.035	0.033775	5.250850256280172	0.965	21	seed_N	19:19358487	21	11	0.5238095238095238
0.02666666666666667	0.025955555555555558	6.041522964141575	0.9733333333333334	16	seed_N	19:29615752	16	8	0.5
0.023333333333333334	0.026122222222222227	6.926730211685817	0.9783333333333334	14	seed_N	19:32978621	14	6	0.42857142857142855
0.15833333333333333	0.15659722222222225	2.499307381702283	0.8533333333333334	95	seed_N	19:35169767	95	48	0.5052631578947369
0.03833333333333333	0.03686388888888889	5.008688090792904	0.9616666666666667	23	seed_N	19:35279389	23	11	0.4782608695652174
0.24	0.23573333333333332	2.0230157164940907	0.785	144	seed_N	19:35279568	144	78	0.5416666666666666
0.056666666666666664	0.07345555555555557	4.782826825760551	0.9516666666666667	34	seed_N	19:38328823	34	13	0.38235294117647056
0.065	0.070775	4.092857099679613	0.94	39	seed_N	19:38730543	39	17	0.4358974358974359
0.19	0.2005666666666667	2.3570878932951707	0.8333333333333334	114	seed_N	19:38878729	114	47	0.41228070175438597
0.03166666666666667	0.030663888888888893	5.5298234307517316	0.9683333333333334	19	seed_N	19:39397750	19	12	0.631578947368421
0.07166666666666667	0.07319722222222223	3.7751142036573766	0.9316666666666666	43	seed_N	19:39400521	43	20	0.46511627906976744
0.02	0.02293333333333333	7.5718777565409745	0.9816666666666667	12	seed_N	19:39539030	12	6	0.5
0.05333333333333334	0.0604888888888889	4.611466677777679	0.9516666666666667	32	seed_N	19:40440938	32	16	0.5
0.03333333333333333	0.03888888888888888	5.916079765351376	0.97	20	seed_N	19:40441073	20	10	0.5
0.043333333333333335	0.04145555555555556	4.698608621180273	0.9566666666666667	26	seed_N	19:40591370	26	10	0.38461538461538464
0.07666666666666666	0.07412222222222221	3.551138687582474	0.925	46	seed_N	19:40629570	46	24	0.5217391304347826
1.4033333333333333	2.1106555555555557	1.0352562032307258	0.31666666666666665	842	seed_N	19:41018248	842	338	0.4014251781472684
0.023333333333333334	0.026122222222222227	6.926730211685817	0.9783333333333334	14	seed_N	19:43731365	14	5	0.35714285714285715
0.023333333333333334	0.022788888888888893	6.469709614686531	0.9766666666666667	14	seed_N	19:43731383	14	4	0.2857142857142857
0.03333333333333333	0.032222222222222215	5.385164790979009	0.9666666666666667	20	seed_N	19:44888997	20	10	0.5
0.07833333333333334	0.08219722222222221	3.6600073917881772	0.9266666666666666	47	seed_N	19:44903416	47	24	0.5106382978723404
0.03	0.0291	5.686240684123191	0.97	18	seed_N	19:44908684	18	11	0.6111111111111112
0.09333333333333334	0.10795555555555554	3.520349004900085	0.9166666666666666	56	seed_N	19:44949078	56	21	0.375
0.021666666666666667	0.021197222222222218	6.719661132604933	0.9783333333333334	13	seed_N	19:45407414	13	8	0.6153846153846154
0.025	0.024374999999999997	6.244997973418406	0.975	15	seed_N	19:45549196	15	9	0.6
0.06166666666666667	0.0578638888888889	3.900796863060973	0.9383333333333334	37	seed_N	19:46390553	37	18	0.4864864864864865
0.075	0.07604166666666666	3.6767537968252832	0.9283333333333333	45	seed_N	19:47275600	45	25	0.5555555555555556
0.115	0.11510833333333335	2.9502277395434477	0.89	69	seed_N	19:47871158	69	23	0.3333333333333333
0.33166666666666667	0.3383305555555556	1.7537544449924594	0.7216666666666667	199	seed_N	19:47871294	199	113	0.5678391959798995
0.3383333333333333	0.34386388888888886	1.7331992705380712	0.7183333333333334	203	seed_N	19:48382661	203	95	0.46798029556650245
0.09666666666666666	0.09732222222222223	3.227225145932978	0.9083333333333333	58	seed_N	19:49976502	58	26	0.4482758620689655
0.03833333333333333	0.043530555555555545	5.442776715148325	0.965	23	seed_N	19:49976742	23	14	0.6086956521739131
0.03	0.0291	5.686240684123191	0.97	18	seed_N	19:50482835	18	11	0.6111111111111112
0.12666666666666668	0.1572888888888889	3.131026043367263	0.89	76	seed_N	19:51371696	76	43	0.5657894736842105
0.07166666666666667	0.0798638888888889	3.943283678023632	0.9333333333333333	43	seed_N	19:54106385	43	10	0.23255813953488372
0.09333333333333334	0.10128888888888889	3.4099194998550892	0.9133333333333333	56	seed_N	19:54106439	56	15	0.26785714285714285
0.17333333333333334	0.16662222222222223	2.354964539386233	0.8383333333333334	104	seed_N	19:55226779	104	44	0.4230769230769231
0.028333333333333332	0.030863888888888892	6.200513407018874	0.9733333333333334	17	seed_N	19:55227057	17	4	0.23529411764705882
0.10166666666666667	0.09466388888888887	3.0263112049146614	0.9	61	seed_N	19:55229837	61	29	0.47540983606557374
0.13166666666666665	0.1376638888888889	2.8179557923672296	0.8783333333333333	79	seed_N	19:56087463	79	39	0.4936708860759494
0.04666666666666667	0.051155555555555544	4.846627262096476	0.9566666666666667	28	seed_N	2:3189027	28	18	0.6428571428571429
1.4783333333333333	1.9595305555555553	0.9468989838567258	0.29	887	seed_N	2:3498537	887	341	0.38444193912063135
0.045	0.04630833333333334	4.782082460138543	0.9566666666666667	27	seed_N	2:3580793	27	18	0.6666666666666666
0.041666666666666664	0.04659722222222223	5.180733526361688	0.9616666666666667	25	seed_N	2:10002174	25	7	0.28
0.04	0.045066666666666665	5.30722776276215	0.9633333333333334	24	seed_N	2:10002203	24	6	0.25
0.023333333333333334	0.022788888888888893	6.469709614686531	0.9766666666666667	14	seed_N	2:11181754	14	6	0.42857142857142855
0.05	0.054166666666666655	4.654746671946819	0.9533333333333334	30	seed_N	2:20586415	30	18	0.6
0.03166666666666667	0.03066388888888889	5.5298234307517316	0.9683333333333334	19	seed_N	2:27100517	19	9	0.47368421052631576
0.44666666666666666	0.5071555555555555	1.5943624223258628	0.655	268	seed_N	2:31334403	268	131	0.48880597014925375
0.41333333333333333	0.46915555555555555	1.6571354239915088	0.6816666666666666	248	seed_N	2:31334442	248	131	0.5282258064516129
0.3566666666666667	0.39945555555555556	1.7720326098168226	0.7066666666666667	214	seed_N	2:31334481	214	94	0.4392523364485981
0.041666666666666664	0.03993055555555556	4.795831511802724	0.9583333333333334	25	seed_N	2:31335440	25	14	0.56
0.058333333333333334	0.05826388888888888	4.137928095180762	0.9433333333333334	35	seed_N	2:39249341	35	23	0.6571428571428571
0.15333333333333332	0.15982222222222225	2.607245972310918	0.8616666666666667	92	seed_N	2:42767344	92	35	0.3804347826086957
0.055	0.055308333333333334	4.2759497763640155	0.9466666666666667	33	seed_N	2:44318877	33	17	0.5151515151515151
0.13833333333333334	0.14586388888888888	2.760876955335498	0.875	83	seed_N	2:44320770	83	39	0.46987951807228917
0.016666666666666666	0.016388888888888894	7.681145701781734	0.9833333333333333	10	seed_N	2:46624894	10	4	0.4
0.028333333333333332	0.030863888888888896	6.2005134070188745	0.9733333333333334	17	seed_N	2:53971158	17	5	0.29411764705882354
0.04666666666666667	0.04782222222222221	4.686062694774643	0.955	28	seed_N	2:55548588	28	17	0.6071428571428571
0.018333333333333333	0.01799722222222222	7.317475928304944	0.9816666666666667	11	seed_N	2:69643169	11	8	0.7272727272727273
0.08166666666666667	0.0949972222222222	3.7740758398471117	0.9283333333333333	49	seed_N	2:73729997	49	31	0.6326530612244898
0.1	0.11333333333333333	3.3665016427541907	0.91	60	seed_N	2:73958749	60	27	0.45
0.16166666666666665	0.1821972222222222	2.6402824658559703	0.86	97	seed_N	2:74969604	97	55	0.5670103092783505
0.06333333333333334	0.059322222222222214	3.845708470166053	0.9366666666666666	38	seed_N	2:87756945	38	12	0.3157894736842105
0.06333333333333334	0.06265555555555556	3.9522776427815085	0.9383333333333334	38	seed_N	2:88027302	38	18	0.47368421052631576
0.41833333333333333	6.616663888888889	6.148894841923904	0.8233333333333334	251	seed_N	2:88857435	251	92	0.3665338645418327
0.04	0.038400000000000004	4.898979473318907	0.96	24	seed_N	2:97739787	24	13	0.5416666666666666
0.051666666666666666	0.05233055555555555	4.427588271890786	0.95	31	seed_N	2:97756543	31	13	0.41935483870967744
0.05333333333333334	0.05715555555555555	4.482605260855391	0.95	32	seed_N	2:99361585	32	14	0.4375
0.075	0.08270833333333334	3.8345408674955896	0.9316666666666666	45	seed_N	2:105099808	45	18	0.4
0.175	0.1877083333333333	2.4757325569769066	0.845	105	seed_N	2:113133835	105	42	0.4
0.023333333333333334	0.022788888888888893	6.469709614686531	0.9766666666666667	14	seed_N	2:121338064	14	8	0.5714285714285714
0.02666666666666667	0.032622222222222226	6.773108566672876	0.9766666666666667	16	seed_N	2:128192319	16	5	0.3125
0.14833333333333334	0.15633055555555558	2.6655275712685005	0.8666666666666667	89	seed_N	2:130346476	89	40	0.449438202247191
0.155	0.15764166666666662	2.5615557387730457	0.8566666666666667	93	seed_N	2:135784989	93	29	0.3118279569892473
0.15666666666666668	0.1587888888888889	2.5435100115202145	0.855	94	seed_N	2:135784990	94	29	0.30851063829787234
0.07833333333333334	0.07886388888888889	3.5850274584097663	0.925	47	seed_N	2:138014348	47	18	0.3829787234042553
0.03333333333333333	0.03888888888888888	5.916079765351376	0.97	20	seed_N	2:138016068	20	6	0.3
0.05333333333333334	0.053822222222222216	4.349928152170213	0.9483333333333334	32	seed_N	2:138016182	32	12	0.375
0.02666666666666667	0.025955555555555558	6.041522964141575	0.9733333333333334	16	seed_N	2:138573096	16	11	0.6875
0.02666666666666667	0.02928888888888889	6.417748802430158	0.975	16	seed_N	2:159235894	16	5	0.3125
0.023333333333333334	0.026122222222222224	6.9267302116858165	0.9783333333333334	14	seed_N	2:168864871	14	5	0.35714285714285715
0.018333333333333333	0.017997222222222223	7.317475928304944	0.9816666666666667	11	seed_N	2:174434179	11	4	0.36363636363636365
0.04666666666666667	0.05782222222222221	5.152768216635906	0.96	28	seed_N	2:177220409	28	10	0.35714285714285715
0.04666666666666667	0.04782222222222221	4.686062694774643	0.955	28	seed_N	2:189770417	28	8	0.2857142857142857
0.025	0.027708333333333328	6.658328091846079	0.9766666666666667	15	seed_N	2:189771313	15	2	0.13333333333333333
0.17833333333333334	0.17986388888888888	2.3781511943312474	0.8383333333333334	107	seed_N	2:190204708	107	45	0.4205607476635514
0.16333333333333333	0.1499888888888889	2.3711264677666457	0.8433333333333334	98	seed_N	2:190204750	98	44	0.4489795918367347
0.075	0.079375	3.756475884852914	0.93	45	seed_N	2:190204963	45	20	0.4444444444444444
0.15	0.1608333333333333	2.6736020905544793	0.8666666666666667	90	seed_N	2:191425212	90	55	0.6111111111111112
0.09	0.0919	3.3683347498627656	0.915	54	seed_N	2:203434060	54	38	0.7037037037037037
0.07333333333333333	0.07462222222222223	3.7250547673836305	0.93	44	seed_N	2:206114956	44	22	0.5
0.16166666666666665	0.16219722222222224	2.49115770590154	0.85	97	seed_N	2:210678677	97	48	0.4948453608247423
0.051666666666666666	0.05899722222222221	4.701163306980696	0.9516666666666667	31	seed_N	2:216206043	31	11	0.3548387096774194
0.2	0.18333333333333338	2.1408720953737523	0.8116666666666666	120	seed_N	2:217799910	120	53	0.44166666666666665
0.04833333333333333	0.05599722222222221	4.895944585548364	0.9566666666666667	29	seed_N	2:235055489	29	11	0.3793103448275862
0.04666666666666667	0.04448888888888888	4.5197977101879685	0.9533333333333334	28	seed_N	2:237324109	28	15	0.5357142857142857
0.035	0.033775	5.250850256280172	0.965	21	seed_N	2:237553681	21	15	0.7142857142857143
0.3333333333333333	0.3655555555555556	1.8138357141775547	0.7233333333333334	200	seed_N	2:237574521	200	99	0.495
0.16666666666666666	0.15555555555555556	2.3664319118199875	0.8416666666666667	100	seed_N	2:237574619	100	51	0.51
0.10833333333333334	0.10326388888888886	2.9662799179786403	0.895	65	seed_N	2:237574688	65	33	0.5076923076923077
2.5733333333333333	5.231288888888889	0.8888087190302623	0.145	1544	seed_N	2:240878862	1544	627	0.4060880829015544
1.2966666666666666	1.671988888888889	0.9972139538303627	0.315	778	seed_N	2:240879110	778	346	0.44473007712082263
0.065	0.06744166666666668	3.995312829518721	0.9383333333333334	39	seed_N	2:240880379	39	28	0.717948717948718
0.03333333333333333	0.032222222222222215	5.385164790979009	0.9666666666666667	20	seed_N	2:240981558	20	10	0.5
0.021666666666666667	0.024530555555555552	7.228723081393685	0.98	13	seed_N	2:240981657	13	3	0.23076923076923078
0.025	0.024374999999999994	6.244997973418404	0.975	15	seed_N	2:241095731	15	9	0.6
0.11666666666666667	0.12305555555555557	3.006795023115489	0.8916666666666667	70	seed_N	2:241182976	70	35	0.5
0.16666666666666666	0.16222222222222218	2.4166091932689486	0.845	100	seed_N	2:241495187	100	59	0.59
0.023333333333333334	0.022788888888888893	6.469709614686531	0.9766666666666667	14	seed_N	2:241495394	14	6	0.42857142857142855
0.041666666666666664	0.0432638888888889	4.991993577758691	0.96	25	seed_N	2:241573734	25	12	0.48
0.24666666666666667	0.28248888888888896	2.1547169102610337	0.7916666666666666	148	seed_N	2:241672519	148	78	0.527027027027027
0.051666666666666666	0.04899722222222221	4.284254735496762	0.9483333333333334	31	seed_N	2:241673674	31	11	0.3548387096774194
0.055	0.051975	4.145095670710007	0.945	33	seed_N	2:241673718	33	14	0.42424242424242425
0.02	0.019599999999999996	6.999999964999999	0.98	12	seed_N	2:241675757	12	6	0.5
0.023333333333333334	0.022788888888888893	6.469709614686531	0.9766666666666667	14	seed_N	2:241676047	14	7	0.5
0.05	0.04749999999999999	4.358898934822874	0.95	30	seed_N	2:241768418	30	9	0.3
0.27	0.2937666666666667	2.007416517845466	0.7716666666666666	162	seed_N	2:241768747	162	62	0.38271604938271603
0.18833333333333332	0.20953055555555555	2.4305048325571343	0.8383333333333334	113	seed_N	2:241768770	113	37	0.3274336283185841
0.016666666666666666	0.01638888888888889	7.681145701781734	0.9833333333333333	10	seed_N	20:435505	10	4	0.4
0.018333333333333333	0.01799722222222222	7.317475928304944	0.9816666666666667	11	seed_N	20:436312	11	3	0.2727272727272727
0.08	0.08026666666666667	3.5414215557191864	0.9233333333333333	48	seed_N	20:3687178	48	22	0.4583333333333333
0.025	0.027708333333333335	6.65832809184608	0.9766666666666667	15	seed_N	20:3874335	15	5	0.3333333333333333
0.03666666666666667	0.03532222222222223	5.1256928438428195	0.9633333333333334	22	seed_N	20:5546530	22	19	0.8636363636363636
0.21333333333333335	0.2511555555555555	2.349160420730426	0.8233333333333334	128	seed_N	20:7883352	128	63	0.4921875
0.09	0.09856666666666666	3.4883698560780196	0.9183333333333333	54	seed_N	20:7981481	54	31	0.5740740740740741
0.056666666666666664	0.06012222222222223	4.327029388035357	0.9466666666666667	34	seed_N	20:10405365	34	17	0.5
0.041666666666666664	0.03993055555555557	4.795831511802725	0.9583333333333334	25	seed_N	20:10405411	25	11	0.44
0.056666666666666664	0.09012222222222224	5.297711189332722	0.9566666666666667	34	seed_N	20:13168981	34	26	0.7647058823529411
0.021666666666666667	0.021197222222222218	6.719661132604933	0.9783333333333334	13	seed_N	20:17990910	13	4	0.3076923076923077
0.02666666666666667	0.025955555555555558	6.041522964141575	0.9733333333333334	16	seed_N	20:21389808	16	3	0.1875
0.041666666666666664	0.039930555555555566	4.795831511802724	0.9583333333333334	25	seed_N	20:25226438	25	11	0.44
0.041666666666666664	0.04326388888888891	4.991993577758691	0.96	25	seed_N	20:25297964	25	12	0.48
0.051666666666666666	0.055663888888888874	4.566424988121809	0.9516666666666667	31	seed_N	20:25452900	31	15	0.4838709677419355
0.16333333333333333	0.16332222222222223	2.4742741317339125	0.8483333333333334	98	seed_N	20:35002555	98	45	0.45918367346938777
0.12666666666666668	0.1272888888888889	2.8166501367783607	0.8816666666666667	76	seed_N	20:35002614	76	38	0.5
0.21666666666666667	0.2297222222222222	2.2121236673710816	0.8116666666666666	130	seed_N	20:35278950	130	67	0.5153846153846153
0.06166666666666667	0.061197222222222236	4.0115792889991635	0.94	37	seed_N	20:36045977	37	13	0.35135135135135137
0.018333333333333333	0.021330555555555557	7.966354826709253	0.9833333333333333	11	seed_N	20:36232725	11	3	0.2727272727272727
0.051666666666666666	0.055663888888888874	4.566424988121809	0.9516666666666667	31	seed_N	20:36528445	31	26	0.8387096774193549
0.47333333333333333	0.6026222222222222	1.6400439315020388	0.6616666666666666	284	seed_N	20:37236651	284	146	0.5140845070422535
0.03166666666666667	0.030663888888888893	5.5298234307517316	0.9683333333333334	19	seed_N	20:37316940	19	14	0.7368421052631579
0.04833333333333333	0.04933055555555555	4.595272337473194	0.9533333333333334	29	seed_N	20:37316993	29	19	0.6551724137931034
0.018333333333333333	0.01799722222222222	7.317475928304944	0.9816666666666667	11	seed_N	20:44907814	11	7	0.6363636363636364
1.5433333333333332	2.021455555555556	0.9212390998116597	0.2733333333333333	926	seed_N	20:45325418	926	503	0.5431965442764579
0.028333333333333332	0.02753055555555556	5.856117946642017	0.9716666666666667	17	seed_N	20:45325763	17	8	0.47058823529411764
0.025	0.024374999999999994	6.244997973418404	0.975	15	seed_N	20:45325767	15	6	0.4
0.02	0.019599999999999996	6.999999964999999	0.98	12	seed_N	20:45367240	12	8	0.6666666666666666
0.025	0.024374999999999997	6.244997973418406	0.975	15	seed_N	20:46686707	15	11	0.7333333333333333
0.085	0.07777500000000001	3.2809611178775375	0.915	51	seed_N	20:49096526	51	24	0.47058823529411764
0.028333333333333332	0.02753055555555556	5.856117946642017	0.9716666666666667	17	seed_N	20:51597010	17	5	0.29411764705882354
0.045	0.042975000000000006	4.606758310124511	0.955	27	seed_N	20:56404115	27	12	0.4444444444444444
0.17833333333333334	0.18653055555555553	2.42182336219007	0.84	107	seed_N	20:56518845	107	47	0.4392523364485981
0.705	0.8313083333333333	1.2932781790718342	0.5366666666666666	423	seed_N	20:57566163	423	85	0.20094562647754138
0.065	0.06744166666666668	3.995312829518721	0.9383333333333334	39	seed_N	20:58715649	39	24	0.6153846153846154
0.085	0.08110833333333335	3.3505323265017015	0.9166666666666666	51	seed_N	20:58715790	51	30	0.5882352941176471
0.03166666666666667	0.03066388888888889	5.5298234307517316	0.9683333333333334	19	seed_N	20:58994761	19	10	0.5263157894736842
0.056666666666666664	0.06012222222222223	4.327029388035357	0.9466666666666667	34	seed_N	20:62388438	34	4	0.11764705882352941
0.06	0.0664	4.29469956841721	0.945	36	seed_N	20:62945425	36	22	0.6111111111111112
0.023333333333333334	0.022788888888888893	6.469709614686531	0.9766666666666667	14	seed_N	20:62969425	14	4	0.2857142857142857
0.16333333333333333	0.18332222222222222	2.62139659498591	0.8583333333333333	98	seed_N	21:17569905	98	50	0.5102040816326531
0.045	0.04630833333333334	4.782082460138543	0.9566666666666667	27	seed_N	21:29345880	27	14	0.5185185185185185
0.10333333333333333	0.09598888888888892	2.998265190962521	0.8983333333333333	62	seed_N	21:34142817	62	33	0.532258064516129
0.14833333333333334	0.1496638888888889	2.60807307933315	0.8616666666666667	89	seed_N	21:37065463	89	44	0.4943820224719101
0.15333333333333332	0.1698222222222222	2.68757555659951	0.865	92	seed_N	21:38823540	92	31	0.33695652173913043
0.13333333333333333	0.12888888888888891	2.6925824015478153	0.8733333333333333	80	seed_N	21:39342552	80	26	0.325
0.025	0.024374999999999994	6.244997973418404	0.975	15	seed_N	21:41885354	15	6	0.4
0.17	0.1977666666666667	2.615939075523589	0.855	102	seed_N	21:43756077	102	44	0.43137254901960786
0.06	0.05973333333333334	4.073400610949524	0.9416666666666667	36	seed_N	21:43762120	36	21	0.5833333333333334
0.06166666666666667	0.0678638888888889	4.224437577009329	0.9433333333333334	37	seed_N	21:43762183	37	18	0.4864864864864865
0.19166666666666668	0.1982638888888889	2.32313913050837	0.83	115	seed_N	21:44849838	115	62	0.5391304347826087
0.05	0.04749999999999999	4.358898934822874	0.95	30	seed_N	21:46129596	30	13	0.43333333333333335
0.051666666666666666	0.05233055555555555	4.427588271890786	0.95	31	seed_N	21:46129655	31	13	0.41935483870967744
0.05333333333333334	0.053822222222222216	4.349928152170213	0.9483333333333334	32	seed_N	21:46129715	32	14	0.4375
0.43166666666666664	0.5719972222222222	1.7520578674767613	0.6833333333333333	259	seed_N	21:46132710	259	127	0.49034749034749037
6.653333333333333	14.996488888888889	0.5820435927543116	0.011666666666666667	3992	seed_N	21:46136879	3992	1625	0.407064128256513
5.855	13.093975	0.6180290002256674	0.013333333333333334	3513	seed_N	21:46136895	3513	1836	0.5226302305721605
0.5883333333333334	0.6955305555555555	1.4175378106328156	0.585	353	seed_N	21:46137308	353	177	0.5014164305949008
0.15	0.14416666666666664	2.5312857205112573	0.8583333333333333	90	seed_N	21:46138559	90	37	0.4111111111111111
0.03833333333333333	0.03686388888888889	5.008688090792904	0.9616666666666667	23	seed_N	21:46188666	23	10	0.43478260869565216
0.04666666666666667	0.04782222222222221	4.686062694774643	0.955	28	seed_N	21:46635690	28	16	0.5714285714285714
0.02666666666666667	0.025955555555555558	6.041522964141575	0.9733333333333334	16	seed_N	21:46664908	16	7	0.4375
0.17	0.17776666666666668	2.4801402632056977	0.8466666666666667	102	seed_N	22:19523195	102	52	0.5098039215686274
0.03833333333333333	0.04019722222222222	5.230237793915849	0.9633333333333334	23	seed_N	22:19523349	23	12	0.5217391304347826
0.025	0.027708333333333335	6.65832809184608	0.9766666666666667	15	seed_N	22:20889399	15	6	0.4
0.7766666666666666	9.200122222222227	3.905369517038441	0.6066666666666667	466	seed_N	22:22901301	466	344	0.7381974248927039
0.05	0.050833333333333314	4.509249743804394	0.9516666666666667	30	seed_N	22:29259427	30	10	0.3333333333333333
0.03666666666666667	0.03532222222222223	5.1256928438428195	0.9633333333333334	22	seed_N	22:30027755	22	11	0.5
0.375	0.404375	1.6957463118113882	0.6966666666666667	225	seed_N	22:30423640	225	110	0.4888888888888889
0.5133333333333333	0.5531555555555555	1.4488524952185948	0.6133333333333333	308	seed_N	22:30423770	308	145	0.4707792207792208
0.04666666666666667	0.04448888888888888	4.5197977101879685	0.9533333333333334	28	seed_N	22:31206786	28	14	0.5
0.15833333333333333	0.1832638888888889	2.7037472696694906	0.8616666666666667	95	seed_N	22:35666124	95	36	0.37894736842105264
0.05	0.04749999999999999	4.358898934822874	0.95	30	seed_N	22:35668367	30	10	0.3333333333333333
0.06333333333333334	0.06265555555555556	3.9522776427815085	0.9383333333333334	38	seed_N	22:37633288	38	19	0.5
0.03833333333333333	0.03686388888888889	5.008688090792904	0.9616666666666667	23	seed_N	22:37655992	23	11	0.4782608695652174
0.023333333333333334	0.02278888888888889	6.469709614686531	0.9766666666666667	14	seed_N	22:38216204	14	9	0.6428571428571429
0.065	0.06744166666666668	3.995312829518721	0.9383333333333334	39	seed_N	22:38216365	39	22	0.5641025641025641
0.035	0.033775	5.250850256280172	0.965	21	seed_N	22:38219529	21	5	0.23809523809523808
0.30333333333333334	0.3346555555555556	1.9071237815725288	0.7533333333333333	182	seed_N	22:38483683	182	98	0.5384615384615384
0.06333333333333334	0.06598888888888889	4.056047767686445	0.94	38	seed_N	22:38684240	38	13	0.34210526315789475
0.585	0.6361083333333333	1.363357263906909	0.57	351	seed_N	22:38734838	351	180	0.5128205128205128
0.41333333333333333	0.4258222222222222	1.5787513338167298	0.665	248	seed_N	22:38734959	248	119	0.4798387096774194
0.3983333333333333	0.41633055555555554	1.6198413919670525	0.6766666666666666	239	seed_N	22:38734966	239	116	0.48535564853556484
0.22833333333333333	0.24619722222222223	2.1730627000483107	0.8033333333333333	137	seed_N	22:40824752	137	76	0.5547445255474452
0.03166666666666667	0.03066388888888889	5.5298234307517316	0.9683333333333334	19	seed_N	22:43162920	19	6	0.3157894736842105
0.08833333333333333	0.08053055555555556	3.212593141624595	0.9116666666666666	53	seed_N	22:43162966	53	26	0.49056603773584906
0.37666666666666665	0.3581222222222222	1.5887605464140337	0.68	226	seed_N	22:43163131	226	95	0.42035398230088494
0.10666666666666667	0.10862222222222224	3.08980177068038	0.9	64	seed_N	22:43166699	64	34	0.53125
0.03666666666666667	0.03865555555555556	5.362095295579241	0.965	22	seed_N	22:43947089	22	9	0.4090909090909091
0.05333333333333334	0.05048888888888888	4.213074878688663	0.9466666666666667	32	seed_N	22:43947271	32	13	0.40625
0.023333333333333334	0.022788888888888893	6.469709614686531	0.9766666666666667	14	seed_N	22:45187725	14	9	0.6428571428571429
0.07666666666666666	0.08412222222222221	3.7831084078340274	0.93	46	seed_N	22:45187859	46	25	0.5434782608695652
0.1	0.12666666666666668	3.559026080451411	0.9133333333333333	60	seed_N	22:45187922	60	30	0.5
0.07	0.06843333333333333	3.737109358134306	0.9316666666666666	42	seed_N	22:49963768	42	19	0.4523809523809524
0.04	0.04173333333333334	5.107184469246893	0.9616666666666667	24	seed_N	22:50199168	24	13	0.5416666666666666
0.14666666666666667	0.14515555555555557	2.5976785549978643	0.8633333333333333	88	seed_N	22:50199493	88	51	0.5795454545454546
0.08333333333333333	0.08305555555555555	3.458323289008129	0.92	50	seed_N	22:50523425	50	21	0.42
1.285	1.3937749999999998	0.9187412321098465	0.28833333333333333	771	seed_N	22:50525807	771	408	0.5291828793774319
0.041666666666666664	0.04326388888888891	4.991993577758691	0.96	25	seed_N	22:50578965	25	12	0.48
0.125	0.12270833333333334	2.8023799386892563	0.8816666666666667	75	seed_N	22:50579047	75	39	0.52
0.07333333333333333	0.06795555555555556	3.554766321701165	0.9266666666666666	44	seed_N	22:50579085	44	19	0.4318181818181818
0.035	0.033775	5.250850256280172	0.965	21	seed_N	3:4361469	21	6	0.2857142857142857
0.06166666666666667	0.061197222222222236	4.0115792889991635	0.94	37	seed_N	3:9780230	37	13	0.35135135135135137
0.03	0.029099999999999994	5.686240684123191	0.97	18	seed_N	3:12898047	18	8	0.4444444444444444
0.06166666666666667	0.06786388888888889	4.224437577009328	0.9433333333333334	37	seed_N	3:13316486	37	21	0.5675675675675675
0.023333333333333334	0.022788888888888893	6.469709614686531	0.9766666666666667	14	seed_N	3:15264363	14	7	0.5
0.028333333333333332	0.030863888888888896	6.2005134070188745	0.9733333333333334	17	seed_N	3:15264388	17	9	0.5294117647058824
0.023333333333333334	0.02278888888888889	6.469709614686531	0.9766666666666667	14	seed_N	3:16260452	14	6	0.42857142857142855
0.02	0.022933333333333323	7.571877756540974	0.9816666666666667	12	seed_N	3:32996691	12	7	0.5833333333333334
0.03333333333333333	0.035555555555555556	5.656854232521817	0.9683333333333334	20	seed_N	3:33144864	20	11	0.55
0.09666666666666666	0.09065555555555556	3.1147304472076804	0.905	58	seed_N	3:37053188	58	34	0.5862068965517241
0.043333333333333335	0.04145555555555555	4.698608621180273	0.9566666666666667	26	seed_N	3:39096591	26	13	0.5
0.02	0.019599999999999996	6.999999964999999	0.98	12	seed_N	3:39396830	12	7	0.5833333333333334
0.085	0.0944416666666667	3.6154544564366478	0.9233333333333333	51	seed_N	3:42537370	51	28	0.5490196078431373
0.023333333333333334	0.022788888888888893	6.469709614686531	0.9766666666666667	14	seed_N	3:42638508	14	8	0.5714285714285714
0.03	0.032433333333333335	6.003085606318647	0.9716666666666667	18	seed_N	3:43719642	18	7	0.3888888888888889
0.028333333333333332	0.02753055555555556	5.856117946642017	0.9716666666666667	17	seed_N	3:46670360	17	9	0.5294117647058824
0.04666666666666667	0.04448888888888888	4.5197977101879685	0.9533333333333334	28	seed_N	3:50354037	28	13	0.4642857142857143
0.7583333333333333	1.1365972222222225	1.4058634780048882	0.5266666666666666	455	seed_N	3:52791569	455	212	0.46593406593406594
0.14	0.15706666666666666	2.830831226111663	0.8766666666666667	84	seed_N	3:52820455	84	47	0.5595238095238095
0.09333333333333334	0.10128888888888889	3.4099194998550892	0.915	56	seed_N	3:52820519	56	28	0.5
0.03	0.032433333333333335	6.003085606318647	0.9716666666666667	18	seed_N	3:52847349	18	14	0.7777777777777778
0.018333333333333333	0.021330555555555554	7.966354826709251	0.9833333333333333	11	seed_N	3:53091569	11	8	0.7272727272727273
0.09833333333333333	0.10533055555555555	3.3004748347315047	0.91	59	seed_N	3:53816448	59	20	0.3389830508474576
0.04	0.04506666666666667	5.3072277627621505	0.9633333333333334	24	seed_N	3:56620294	24	14	0.5833333333333334
0.02666666666666667	0.025955555555555558	6.041522964141575	0.9733333333333334	16	seed_N	3:58294362	16	6	0.375
0.145	0.14730833333333332	2.6469494984026247	0.865	87	seed_N	3:58294584	87	43	0.4942528735632184
0.17	0.17110000000000003	2.433190337385939	0.845	102	seed_N	3:58294679	102	48	0.47058823529411764
0.09333333333333334	0.10462222222222221	3.4655741307749426	0.9166666666666666	56	seed_N	3:58427678	56	31	0.5535714285714286
0.23833333333333334	0.2515305555555556	2.1043142093221827	0.795	143	seed_N	3:58427738	143	78	0.5454545454545454
0.04833333333333333	0.04599722222222222	4.437302681916048	0.9516666666666667	29	seed_N	3:58427935	29	21	0.7241379310344828
0.025	0.024374999999999997	6.244997973418406	0.975	15	seed_N	3:67375539	15	7	0.4666666666666667
0.023333333333333334	0.022788888888888893	6.469709614686531	0.9766666666666667	14	seed_N	3:67375559	14	6	0.42857142857142855
0.07	0.07176666666666666	3.8270430441209964	0.9333333333333333	42	seed_N	3:87255411	42	18	0.42857142857142855
0.065	0.070775	4.092857099679613	0.94	39	seed_N	3:93874275	39	16	0.41025641025641024
0.04833333333333333	0.05599722222222221	4.895944585548364	0.955	29	seed_N	3:98579756	29	12	0.41379310344827586
0.051666666666666666	0.05233055555555555	4.427588271890786	0.95	31	seed_N	3:98795197	31	19	0.6129032258064516
0.02	0.019599999999999992	6.999999964999999	0.98	12	seed_N	3:98796317	12	5	0.4166666666666667
0.07833333333333334	0.07886388888888889	3.5850274584097663	0.925	47	seed_N	3:105576617	47	25	0.5319148936170213
0.07333333333333333	0.07462222222222223	3.7250547673836305	0.93	44	seed_N	3:119629739	44	29	0.6590909090909091
0.051666666666666666	0.055663888888888874	4.566424988121809	0.9516666666666667	31	seed_N	3:122574926	31	14	0.45161290322580644
0.05333333333333334	0.057155555555555564	4.482605260855392	0.95	32	seed_N	3:126437817	32	13	0.40625
0.07333333333333333	0.0712888888888889	3.640906248580726	0.9283333333333333	44	seed_N	3:126481303	44	15	0.3409090909090909
0.06166666666666667	0.06786388888888889	4.224437577009328	0.9433333333333334	37	seed_N	3:126481448	37	11	0.2972972972972973
0.016666666666666666	0.01638888888888889	7.681145701781734	0.9833333333333333	10	seed_N	3:126481560	10	4	0.4
0.21666666666666667	0.21972222222222218	2.1634401698361403	0.8083333333333333	130	seed_N	3:126543249	130	72	0.5538461538461539
0.03666666666666667	0.03865555555555556	5.362095295579241	0.965	22	seed_N	3:129555520	22	12	0.5454545454545454
0.045	0.052975000000000015	5.114733004848996	0.96	27	seed_N	3:132538903	27	17	0.6296296296296297
0.025	0.024375	6.244997973418406	0.975	15	seed_N	3:132676967	15	6	0.4
0.4633333333333333	0.5419888888888889	1.5889185893150908	0.6583333333333333	278	seed_N	3:133775510	278	108	0.38848920863309355
0.03333333333333333	0.032222222222222215	5.385164790979009	0.9666666666666667	20	seed_N	3:134355888	20	9	0.45
0.06666666666666667	0.0688888888888889	3.9370039311004	0.9366666666666666	40	seed_N	3:138494450	40	21	0.525
0.03333333333333333	0.03555555555555555	5.656854232521816	0.9683333333333334	20	seed_N	3:143060452	20	9	0.45
0.265	0.3081083333333333	2.0946229048625717	0.7833333333333333	159	seed_N	3:148742913	159	70	0.44025157232704404
0.05333333333333334	0.05715555555555555	4.482605260855391	0.95	32	seed_N	3:149027449	32	17	0.53125
0.735	0.9581083333333333	1.3317416106961355	0.5266666666666666	441	seed_N	3:149172945	441	227	0.5147392290249433
0.12833333333333333	0.12519722222222224	2.7571339849053587	0.8783333333333333	77	seed_N	3:150542155	77	38	0.4935064935064935
0.07	0.06843333333333333	3.737109358134306	0.9316666666666666	42	seed_N	3:172505586	42	20	0.47619047619047616
0.24333333333333335	0.2774555555555555	2.164686990152633	0.795	146	seed_N	3:172505830	146	60	0.410958904109589
0.25333333333333335	0.2858222222222222	2.1103556819923126	0.785	152	seed_N	3:172505837	152	62	0.40789473684210525
0.24166666666666667	0.2732638888888889	2.1630889077341973	0.7983333333333333	145	seed_N	3:172505900	145	73	0.503448275862069
0.03	0.032433333333333335	6.003085606318647	0.9716666666666667	18	seed_N	3:177021010	18	12	0.6666666666666666
0.03	0.029099999999999994	5.686240684123191	0.97	18	seed_N	3:179394877	18	7	0.3888888888888889
0.02666666666666667	0.029288888888888896	6.41774880243016	0.975	16	seed_N	3:183920057	16	11	0.6875
0.043333333333333335	0.041455555555555544	4.698608621180272	0.9566666666666667	26	seed_N	3:184372478	26	18	0.6923076923076923
0.02	0.019599999999999992	6.999999964999999	0.98	12	seed_N	3:185488929	12	8	0.6666666666666666
2.0116666666666667	2.731530555555555	0.8215746146074143	0.17333333333333334	1207	seed_N	3:186743560	1207	400	0.33140016570008285
0.08833333333333333	0.10053055555555555	3.589421183847188	0.9216666666666666	53	seed_N	3:187217525	53	22	0.41509433962264153
0.07666666666666666	0.08412222222222221	3.7831084078340274	0.93	46	seed_N	3:187217538	46	25	0.5434782608695652
0.705	0.8146416666666666	1.280248255089359	0.5133333333333333	423	seed_N	3:190305763	423	203	0.4799054373522459
0.13666666666666666	0.1313222222222222	2.651590835250999	0.87	82	seed_N	3:190306048	82	33	0.4024390243902439
0.07	0.07176666666666666	3.8270430441209964	0.9333333333333333	42	seed_N	3:190306399	42	28	0.6666666666666666
0.11666666666666667	0.11972222222222219	2.965791353461706	0.8916666666666667	70	seed_N	3:190308016	70	15	0.21428571428571427
0.023333333333333334	0.022788888888888893	6.469709614686531	0.9766666666666667	14	seed_N	3:191394437	14	7	0.5
0.02	0.02293333333333333	7.5718777565409745	0.9816666666666667	12	seed_N	3:193694883	12	9	0.75
0.03666666666666667	0.03865555555555556	5.362095295579241	0.965	22	seed_N	3:194640947	22	6	0.2727272727272727
0.03166666666666667	0.03399722222222223	5.822632297963545	0.97	19	seed_N	3:194640985	19	4	0.21052631578947367
0.03166666666666667	0.03066388888888889	5.5298234307517316	0.9683333333333334	19	seed_N	3:194641039	19	14	0.7368421052631579
0.06	0.059733333333333326	4.073400610949523	0.9416666666666667	36	seed_N	3:195514593	36	19	0.5277777777777778
0.021666666666666667	0.021197222222222218	6.719661132604933	0.9783333333333334	13	seed_N	4:1693082	13	9	0.6923076923076923
0.06	0.056400000000000006	3.9581140224157827	0.94	36	seed_N	4:2250447	36	18	0.5
0.075	0.07604166666666666	3.6767537968252832	0.9283333333333333	45	seed_N	4:3432055	45	19	0.4222222222222222
0.345	0.4093083333333334	1.8544118685579842	0.7216666666666667	207	seed_N	4:3448159	207	104	0.5024154589371981
0.22833333333333333	0.24953055555555562	2.1877240938023785	0.8033333333333333	137	seed_N	4:3512812	137	60	0.43795620437956206
0.016666666666666666	0.01638888888888889	7.681145701781734	0.9833333333333333	10	seed_N	4:4235838	10	2	0.2
0.03833333333333333	0.03686388888888889	5.008688090792904	0.9616666666666667	23	seed_N	4:8366877	23	13	0.5652173913043478
0.018333333333333333	0.017997222222222223	7.317475928304944	0.9816666666666667	11	seed_N	4:16161642	11	6	0.5454545454545454
0.023333333333333334	0.022788888888888893	6.469709614686531	0.9766666666666667	14	seed_N	4:16161863	14	11	0.7857142857142857
0.051666666666666666	0.05233055555555555	4.427588271890786	0.95	31	seed_N	4:24800790	31	11	0.3548387096774194
0.02	0.019599999999999996	6.999999964999999	0.98	12	seed_N	4:27023875	12	5	0.4166666666666667
0.09666666666666666	0.12398888888888891	3.6426264806675452	0.9183333333333333	58	seed_N	4:38700816	58	21	0.3620689655172414
0.1	0.09666666666666666	3.109126347920479	0.9033333333333333	60	seed_N	4:38944804	60	25	0.4166666666666667
0.02666666666666667	0.029288888888888896	6.41774880243016	0.975	16	seed_N	4:39287688	16	7	0.4375
0.12833333333333333	0.1318638888888889	2.829589692034675	0.8816666666666667	77	seed_N	4:39498894	77	52	0.6753246753246753
0.028333333333333332	0.030863888888888896	6.2005134070188745	0.9733333333333334	17	seed_N	5:1461453	17	11	0.6470588235294118
0.041666666666666664	0.04993055555555557	5.362835058245966	0.9633333333333334	25	seed_N	5:6372135	25	10	0.4
0.12	0.12226666666666666	2.913887562448062	0.8883333333333333	72	seed_N	5:10264850	72	42	0.5833333333333334
0.10833333333333334	0.11326388888888886	3.106587767333714	0.9	65	seed_N	5:10264964	65	33	0.5076923076923077
1.095	1.3993083333333334	1.0802955597164472	0.385	657	seed_N	5:10279318	657	345	0.5251141552511416
0.11333333333333333	0.12715555555555555	3.1463715549452798	0.9	68	seed_N	5:14709926	68	35	0.5147058823529411
0.02666666666666667	0.02928888888888889	6.417748802430158	0.975	16	seed_N	5:16474535	16	7	0.4375
0.03666666666666667	0.03532222222222223	5.1256928438428195	0.9633333333333334	22	seed_N	5:31401340	22	10	0.45454545454545453
0.03833333333333333	0.05019722222222222	5.844713881027106	0.9666666666666667	23	seed_N	5:35879501	23	11	0.4782608695652174
0.22	0.22826666666666667	2.1716936798818263	0.8066666666666666	132	seed_N	5:36193130	132	41	0.3106060606060606
0.04	0.038400000000000004	4.898979473318907	0.96	24	seed_N	5:38935580	24	11	0.4583333333333333
0.016666666666666666	0.019722222222222228	8.42614972261946	0.985	10	seed_N	5:39373151	10	7	0.7
0.03833333333333333	0.05019722222222222	5.844713881027106	0.9683333333333334	23	seed_N	5:40981587	23	11	0.4782608695652174
0.655	1.0926416666666667	1.5958702504107267	0.5816666666666667	393	seed_N	5:40982875	393	268	0.6819338422391857
1.2683333333333333	1.7296638888888891	1.036925256672922	0.3466666666666667	761	seed_N	5:41142504	761	355	0.4664914586070959
0.028333333333333332	0.02753055555555556	5.856117946642017	0.9716666666666667	17	seed_N	5:42805344	17	12	0.7058823529411765
0.2916666666666667	0.3532638888888889	2.0378059422763877	0.7666666666666667	175	seed_N	5:43289606	175	78	0.44571428571428573
0.03	0.029099999999999994	5.686240684123191	0.97	18	seed_N	5:44828492	18	10	0.5555555555555556
0.056666666666666664	0.05345555555555556	4.080080730178643	0.9433333333333334	34	seed_N	5:52952461	34	10	0.29411764705882354
0.03	0.0291	5.686240684123191	0.97	18	seed_N	5:52953778	18	7	0.3888888888888889
0.028333333333333332	0.02753055555555556	5.856117946642017	0.9716666666666667	17	seed_N	5:52953782	17	6	0.35294117647058826
0.025	0.027708333333333328	6.658328091846079	0.9766666666666667	15	seed_N	5:52953878	15	8	0.5333333333333333
0.03833333333333333	0.046863888888888885	5.647322317790606	0.965	23	seed_N	5:52954427	23	12	0.5217391304347826
0.023333333333333334	0.022788888888888893	6.469709614686531	0.9766666666666667	14	seed_N	5:52956125	14	7	0.5
0.10333333333333333	0.11265555555555555	3.2481484328470254	0.9066666666666666	62	seed_N	5:52956361	62	24	0.3870967741935484
0.215	0.23544166666666663	2.256852632834278	0.8183333333333334	129	seed_N	5:53683267	129	53	0.4108527131782946
0.03	0.0291	5.686240684123191	0.97	18	seed_N	5:53883986	18	8	0.4444444444444444
0.04	0.04173333333333333	5.107184469246892	0.9616666666666667	24	seed_N	5:72219789	24	10	0.4166666666666667
0.028333333333333332	0.02753055555555556	5.856117946642017	0.9716666666666667	17	seed_N	5:73090312	17	10	0.5882352941176471
0.11166666666666666	0.11919722222222219	3.091786628877947	0.8983333333333333	67	seed_N	5:76969157	67	32	0.47761194029850745
0.16833333333333333	0.23333055555555557	2.8695624711146754	0.8616666666666667	101	seed_N	5:76969210	101	47	0.46534653465346537
0.03	0.0291	5.686240684123191	0.97	18	seed_N	5:79686365	18	8	0.4444444444444444
0.185	0.22077499999999997	2.539821633541753	0.845	111	seed_N	5:81330127	111	60	0.5405405405405406
0.09166666666666666	0.09659722222222221	3.390555668841488	0.915	55	seed_N	5:83052895	55	24	0.43636363636363634
0.095	0.09597499999999999	3.2610349596535775	0.91	57	seed_N	5:83052928	57	23	0.40350877192982454
0.09833333333333333	0.10533055555555554	3.3004748347315047	0.91	59	seed_N	5:96774507	59	16	0.2711864406779661
0.025	0.024374999999999994	6.244997973418404	0.975	15	seed_N	5:97163079	15	2	0.13333333333333333
0.11666666666666667	0.12305555555555554	3.0067950231154885	0.8933333333333333	70	seed_N	5:103203051	70	35	0.5
0.018333333333333333	0.01799722222222222	7.317475928304944	0.9816666666666667	11	seed_N	5:109867341	11	8	0.7272727272727273
0.07666666666666666	0.08745555555555555	3.8573328835372362	0.9316666666666666	46	seed_N	5:110764969	46	25	0.5434782608695652
0.08333333333333333	0.08638888888888888	3.527038413477234	0.9216666666666666	50	seed_N	5:112867867	50	27	0.54
0.2916666666666667	0.3699305555555556	2.0853228588373436	0.77	175	seed_N	5:112876454	175	94	0.5371428571428571
0.09333333333333334	0.09795555555555556	3.3533413090658493	0.9133333333333333	56	seed_N	5:112876628	56	19	0.3392857142857143
0.39166666666666666	0.4415972222222223	1.6966667714765644	0.6933333333333334	235	seed_N	5:126544897	235	119	0.5063829787234042
0.043333333333333335	0.04812222222222222	5.062333337170891	0.96	26	seed_N	5:127554849	26	12	0.46153846153846156
0.165	0.18444166666666664	2.60282862620922	0.855	99	seed_N	5:133972170	99	43	0.43434343434343436
0.02666666666666667	0.029288888888888896	6.41774880243016	0.975	16	seed_N	5:134969507	16	8	0.5
0.2966666666666667	0.30865555555555557	1.8727003734474141	0.7516666666666667	178	seed_N	5:135946941	178	85	0.47752808988764045
0.42333333333333334	0.49078888888888894	1.6548738549874804	0.675	254	seed_N	5:135947143	254	113	0.4448818897637795
0.035	0.03710833333333333	5.50386380951624	0.9666666666666667	21	seed_N	5:135951340	21	7	0.3333333333333333
0.06833333333333333	0.07366388888888888	3.971867153710484	0.9366666666666666	41	seed_N	5:138934853	41	20	0.4878048780487805
0.07166666666666667	0.09319722222222222	4.259751635341127	0.94	43	seed_N	5:140706477	43	17	0.3953488372093023
0.08166666666666667	0.0849972222222222	3.5699122101644756	0.9233333333333333	49	seed_N	5:140706606	49	27	0.5510204081632653
0.035	0.043774999999999994	5.977850255179763	0.9683333333333334	21	seed_N	5:147824629	21	4	0.19047619047619047
0.04833333333333333	0.04933055555555555	4.595272337473194	0.9533333333333334	29	seed_N	5:148442506	29	15	0.5172413793103449
0.15666666666666668	0.17545555555555553	2.673664800897928	0.8633333333333333	94	seed_N	5:149260199	94	44	0.46808510638297873
0.9466666666666667	1.3904888888888889	1.2456231644097895	0.45	568	seed_N	5:150446963	568	235	0.4137323943661972
0.055	0.055308333333333334	4.2759497763640155	0.9466666666666667	33	seed_N	5:150558177	33	16	0.48484848484848486
0.02666666666666667	0.025955555555555558	6.041522964141575	0.9733333333333334	16	seed_N	5:154420953	16	6	0.375
0.02666666666666667	0.025955555555555558	6.041522964141575	0.9733333333333334	16	seed_N	5:157138601	16	8	0.5
0.10333333333333333	0.10932222222222222	3.1997333364692713	0.905	62	seed_N	5:157786489	62	25	0.4032258064516129
0.13166666666666665	0.13433055555555556	2.7836303578820867	0.8783333333333333	79	seed_N	5:168519256	79	41	0.5189873417721519
0.30833333333333335	0.3665972222222222	1.9636953277136897	0.7566666666666667	185	seed_N	5:173787019	185	172	0.9297297297297298
0.13166666666666665	0.13099722222222224	2.748876332414662	0.8766666666666667	79	seed_N	5:175528569	79	25	0.31645569620253167
0.10166666666666667	0.09799722222222222	3.079131933125957	0.9016666666666666	61	seed_N	5:175528581	61	16	0.26229508196721313
0.021666666666666667	0.021197222222222218	6.719661132604933	0.9783333333333334	13	seed_N	5:175529464	13	5	0.38461538461538464
0.041666666666666664	0.04659722222222224	5.1807335263616885	0.9616666666666667	25	seed_N	5:177520152	25	14	0.56
0.15	0.1575	2.6457513093007563	0.8633333333333333	90	seed_N	5:177596097	90	38	0.4222222222222222
0.07333333333333333	0.0812888888888889	3.8878917729425293	0.9333333333333333	44	seed_N	5:178210881	44	21	0.4772727272727273
0.041666666666666664	0.04326388888888891	4.991993577758691	0.96	25	seed_N	5:181237105	25	10	0.4
0.03166666666666667	0.03066388888888889	5.5298234307517316	0.9683333333333334	19	seed_N	6:7281421	19	15	0.7894736842105263
0.14333333333333334	0.1427888888888889	2.636331421710702	0.8666666666666667	86	seed_N	6:10980820	86	30	0.3488372093023256
0.016666666666666666	0.016388888888888887	7.681145701781733	0.9833333333333333	10	seed_N	6:11134628	10	4	0.4
0.043333333333333335	0.044788888888888885	4.883858197760319	0.9583333333333334	26	seed_N	6:17759506	26	10	0.38461538461538464
0.29833333333333334	0.31599722222222226	1.8842557608465849	0.745	179	seed_N	6:30493308	179	55	0.30726256983240224
0.051666666666666666	0.05233055555555555	4.427588271890786	0.95	31	seed_N	6:31142614	31	16	0.5161290322580645
1.6066666666666667	2.4219555555555554	0.9686286292208874	0.25666666666666665	964	seed_N	6:31354079	964	444	0.4605809128630705
0.7166666666666667	0.8563888888888888	1.2912737032525423	0.5133333333333333	430	seed_N	6:31354171	430	188	0.4372093023255814
0.023333333333333334	0.022788888888888893	6.469709614686531	0.9766666666666667	14	seed_N	6:31415217	14	7	0.5
0.06	0.06306666666666667	4.185512926765782	0.9433333333333334	36	seed_N	6:31588804	36	16	0.4444444444444444
0.021666666666666667	0.021197222222222218	6.719661132604933	0.9783333333333334	13	seed_N	6:31951801	13	8	0.6153846153846154
0.15333333333333332	0.1564888888888889	2.5799136851255864	0.8583333333333333	92	seed_N	6:32180626	92	44	0.4782608695652174
0.08	0.0836	3.61420806918248	0.925	48	seed_N	6:32643169	48	9	0.1875
0.07833333333333334	0.08219722222222221	3.6600073917881772	0.9266666666666666	47	seed_N	6:32643174	47	9	0.19148936170212766
0.09833333333333333	0.09533055555555556	3.1398962654748215	0.905	59	seed_N	6:32643191	59	10	0.1694915254237288
0.09833333333333333	0.09533055555555556	3.1398962654748215	0.905	59	seed_N	6:32643195	59	10	0.1694915254237288
0.09333333333333334	0.09128888888888888	3.2372197661385957	0.91	56	seed_N	6:32643217	56	8	0.14285714285714285
0.09333333333333334	0.09128888888888888	3.2372197661385957	0.91	56	seed_N	6:32643220	56	8	0.14285714285714285
0.02	0.019599999999999996	6.999999964999999	0.98	12	seed_N	6:32643257	12	3	0.25
0.065	0.06410833333333335	3.8953266837373173	0.9366666666666666	39	seed_N	6:32659544	39	6	0.15384615384615385
0.03333333333333333	0.032222222222222215	5.385164790979009	0.9666666666666667	20	seed_N	6:32659575	20	6	0.3
0.03166666666666667	0.03066388888888889	5.5298234307517316	0.9683333333333334	19	seed_N	6:32659585	19	6	0.3157894736842105
0.03	0.0291	5.686240684123191	0.97	18	seed_N	6:32659588	18	6	0.3333333333333333
0.025	0.024374999999999997	6.244997973418406	0.975	15	seed_N	6:32659617	15	5	0.3333333333333333
0.025	0.024374999999999997	6.244997973418406	0.975	15	seed_N	6:32659619	15	5	0.3333333333333333
0.025	0.024374999999999994	6.244997973418404	0.975	15	seed_N	6:32659628	15	11	0.7333333333333333
0.13333333333333333	0.13222222222222224	2.727178026613545	0.875	80	seed_N	6:32659923	80	41	0.5125
0.13666666666666666	0.1313222222222222	2.651590835250999	0.87	82	seed_N	6:32659937	82	40	0.4878048780487805
0.11	0.11123333333333335	3.031969236131938	0.8966666666666666	66	seed_N	6:32659975	66	33	0.5
0.1	0.10333333333333333	3.214550250449768	0.9066666666666666	60	seed_N	6:32659986	60	32	0.5333333333333333
0.10166666666666667	0.10133055555555555	3.131061707184953	0.9033333333333333	61	seed_N	6:32660000	61	28	0.45901639344262296
0.12	0.11893333333333334	2.8738926990223255	0.8866666666666667	72	seed_N	6:32660018	72	30	0.4166666666666667
0.11833333333333333	0.1143305555555556	2.85741985549835	0.8866666666666667	71	seed_N	6:32660021	71	40	0.5633802816901409
0.12333333333333334	0.12145555555555555	2.8257141262101495	0.8833333333333333	74	seed_N	6:32660041	74	30	0.40540540540540543
0.11333333333333333	0.10715555555555556	2.8883491026728496	0.89	68	seed_N	6:32660056	68	25	0.36764705882352944
0.11166666666666666	0.10586388888888885	2.913737135890731	0.8916666666666667	67	seed_N	6:32660073	67	22	0.3283582089552239
0.11333333333333333	0.11048888888888887	2.9329296120751587	0.8916666666666667	68	seed_N	6:32660075	68	22	0.3235294117647059
0.09333333333333334	0.0946222222222222	3.2957919950571735	0.9116666666666666	56	seed_N	6:32660105	56	29	0.5178571428571429
0.08333333333333333	0.08305555555555555	3.458323289008129	0.92	50	seed_N	6:32660129	50	23	0.46
0.065	0.06410833333333334	3.8953266837373164	0.9366666666666666	39	seed_N	6:32660146	39	19	0.48717948717948717
0.03833333333333333	0.03686388888888889	5.008688090792904	0.9616666666666667	23	seed_N	6:32660190	23	13	0.5652173913043478
0.03333333333333333	0.032222222222222215	5.385164790979009	0.9666666666666667	20	seed_N	6:32660199	20	11	0.55
0.028333333333333332	0.02753055555555556	5.856117946642017	0.9716666666666667	17	seed_N	6:32660211	17	9	0.5294117647058824
0.028333333333333332	0.02753055555555556	5.856117946642017	0.9716666666666667	17	seed_N	6:32660214	17	9	0.5294117647058824
0.028333333333333332	0.02753055555555556	5.856117946642017	0.9716666666666667	17	seed_N	6:32660215	17	8	0.47058823529411764
0.04	0.038400000000000004	4.898979473318907	0.96	24	seed_N	6:32828678	24	15	0.625
0.04	0.03840000000000001	4.898979473318908	0.96	24	seed_N	6:32858456	24	14	0.5833333333333334
0.03166666666666667	0.03066388888888889	5.5298234307517316	0.9683333333333334	19	seed_N	6:32980944	19	9	0.47368421052631576
0.235	0.2764416666666667	2.237349796911943	0.8	141	seed_N	6:33065076	141	60	0.425531914893617
0.09	0.1019	3.546864373728455	0.9183333333333333	54	seed_N	6:33085832	54	20	0.37037037037037035
0.655	0.7326416666666666	1.3067861020605354	0.5466666666666666	393	seed_N	6:33299895	393	211	0.5368956743002544
0.13166666666666665	0.1443305555555556	2.885381881928727	0.8816666666666667	79	seed_N	6:34877871	79	33	0.4177215189873418
0.20166666666666666	0.20433055555555554	2.2414679724094357	0.8183333333333334	121	seed_N	6:35573655	121	44	0.36363636363636365
0.24666666666666667	0.24915555555555557	2.0236007069996087	0.7816666666666666	148	seed_N	6:36602589	148	71	0.4797297297297297
0.028333333333333332	0.02753055555555556	5.856117946642017	0.9716666666666667	17	seed_N	6:37028997	17	5	0.29411764705882354
0.12166666666666667	0.1468638888888889	3.1498212012357056	0.8966666666666666	73	seed_N	6:37483138	73	40	0.547945205479452
0.10166666666666667	0.09799722222222222	3.079131933125957	0.9016666666666666	61	seed_N	6:42206873	61	38	0.6229508196721312
0.02	0.02293333333333333	7.5718777565409745	0.9816666666666667	12	seed_N	6:42208189	12	3	0.25
0.05	0.05083333333333332	4.509249743804394	0.9516666666666667	30	seed_N	6:42691211	30	12	0.4
0.07666666666666666	0.09412222222222222	4.001653717202933	0.9333333333333333	46	seed_N	6:43181249	46	24	0.5217391304347826
0.295	0.31130833333333335	1.8913563290017883	0.7516666666666667	177	seed_N	6:44233997	177	79	0.4463276836158192
0.075	0.07604166666666666	3.6767537968252832	0.9283333333333333	45	seed_N	6:44254310	45	22	0.4888888888888889
0.095	0.09930833333333332	3.317181547785859	0.9116666666666666	57	seed_N	6:49430402	57	23	0.40350877192982454
0.03333333333333333	0.03555555555555555	5.656854232521816	0.9683333333333334	20	seed_N	6:53631204	20	11	0.55
0.028333333333333332	0.030863888888888896	6.2005134070188745	0.9733333333333334	17	seed_N	6:69675817	17	8	0.47058823529411764
0.185	0.2041083333333333	2.442072986375863	0.8383333333333334	111	seed_N	6:85495605	111	42	0.3783783783783784
0.04833333333333333	0.05599722222222221	4.895944585548364	0.9566666666666667	29	seed_N	6:87514446	29	13	0.4482758620689655
0.05333333333333334	0.053822222222222216	4.349928152170213	0.9483333333333334	32	seed_N	6:87675301	32	19	0.59375
0.05333333333333334	0.05048888888888889	4.213074878688664	0.9466666666666667	32	seed_N	6:96891202	32	12	0.375
0.05333333333333334	0.05715555555555555	4.482605260855391	0.95	32	seed_N	6:109366911	32	20	0.625
0.11666666666666667	0.12305555555555557	3.006795023115489	0.8933333333333333	70	seed_N	6:109367335	70	35	0.5
0.021666666666666667	0.024530555555555552	7.228723081393685	0.98	13	seed_N	6:109368704	13	5	0.38461538461538464
0.05	0.054166666666666655	4.654746671946819	0.9533333333333334	30	seed_N	6:110391839	30	18	0.6
0.035	0.033775	5.250850256280172	0.965	21	seed_N	6:117549729	21	12	0.5714285714285714
0.03	0.0291	5.686240684123191	0.97	18	seed_N	6:119179074	18	5	0.2777777777777778
0.07166666666666667	0.06986388888888888	3.6881550663305505	0.93	43	seed_N	6:130834962	43	16	0.37209302325581395
0.058333333333333334	0.05826388888888888	4.137928095180762	0.9433333333333334	35	seed_N	6:130835086	35	17	0.4857142857142857
0.028333333333333332	0.030863888888888896	6.2005134070188745	0.9733333333333334	17	seed_N	6:144852962	17	7	0.4117647058823529
0.025	0.024374999999999997	6.244997973418406	0.975	15	seed_N	6:156936239	15	6	0.4
0.345	0.3526416666666667	1.7212649189877318	0.715	207	seed_N	6:159778994	207	105	0.5072463768115942
0.37333333333333335	0.40728888888888887	1.7094425629384447	0.7	224	seed_N	6:160752914	224	53	0.23660714285714285
0.04833333333333333	0.06266388888888888	5.179190951680999	0.9583333333333334	29	seed_N	6:167042141	29	12	0.41379310344827586
0.03333333333333333	0.03555555555555555	5.656854232521816	0.9683333333333334	20	seed_N	6:170404863	20	7	0.35
0.055	0.055308333333333334	4.2759497763640155	0.9466666666666667	33	seed_N	6:170577443	33	14	0.42424242424242425
0.33666666666666667	0.33665555555555554	1.7234265282667418	0.71	202	seed_N	7:260547	202	98	0.48514851485148514
0.09833333333333333	0.09866388888888888	3.1943195024178683	0.905	59	seed_N	7:997163	59	33	0.559322033898305
0.058333333333333334	0.06159722222222221	4.254649310373581	0.945	35	seed_N	7:2538147	35	22	0.6285714285714286
0.06833333333333333	0.06366388888888887	3.6924444886224888	0.9316666666666666	41	seed_N	7:6023652	41	25	0.6097560975609756
0.09833333333333333	0.10533055555555555	3.3004748347315047	0.91	59	seed_N	7:6656367	59	28	0.4745762711864407
0.023333333333333334	0.022788888888888893	6.469709614686531	0.9766666666666667	14	seed_N	7:12237259	14	10	0.7142857142857143
0.13666666666666666	0.16798888888888888	2.999008360585507	0.8866666666666667	82	seed_N	7:30757354	82	49	0.5975609756097561
0.03666666666666667	0.035322222222222234	5.12569284384282	0.9633333333333334	22	seed_N	7:36299517	22	8	0.36363636363636365
0.021666666666666667	0.021197222222222218	6.719661132604933	0.9783333333333334	13	seed_N	7:38230514	13	4	0.3076923076923077
0.045	0.05630833333333334	5.27319487962991	0.9616666666666667	27	seed_N	7:44220107	27	10	0.37037037037037035
0.14	0.14039999999999997	2.6764277116875785	0.87	84	seed_N	7:45076174	84	43	0.5119047619047619
0.11833333333333333	0.11433055555555557	2.85741985549835	0.8866666666666667	71	seed_N	7:45100293	71	37	0.5211267605633803
0.09833333333333333	0.0919972222222222	3.0845129327591287	0.9033333333333333	59	seed_N	7:45100320	59	29	0.4915254237288136
0.215	0.21544166666666664	2.1588694959682218	0.805	129	seed_N	7:50458521	129	69	0.5348837209302325
0.085	0.08110833333333335	3.3505323265017015	0.9166666666666666	51	seed_N	7:50592707	51	21	0.4117647058823529
0.03166666666666667	0.03066388888888889	5.5298234307517316	0.9683333333333334	19	seed_N	7:55433555	19	8	0.42105263157894735
0.03166666666666667	0.030663888888888893	5.5298234307517316	0.9683333333333334	19	seed_N	7:55433582	19	7	0.3684210526315789
0.023333333333333334	0.022788888888888893	6.469709614686531	0.9766666666666667	14	seed_N	7:55956365	14	8	0.5714285714285714
0.33666666666666667	0.3733222222222222	1.8148544554441997	0.7266666666666667	202	seed_N	7:65960907	202	106	0.5247524752475248
0.025	0.024374999999999997	6.244997973418406	0.975	15	seed_N	7:66093491	15	8	0.5333333333333333
0.09833333333333333	0.10199722222222221	3.247830908331212	0.9083333333333333	59	seed_N	7:76066590	59	33	0.559322033898305
0.04666666666666667	0.04448888888888888	4.5197977101879685	0.9533333333333334	28	seed_N	7:76505817	28	16	0.5714285714285714
0.08333333333333333	0.07972222222222221	3.3882148651536257	0.9183333333333333	50	seed_N	7:80676955	50	21	0.42
0.03833333333333333	0.04019722222222222	5.230237793915849	0.9633333333333334	23	seed_N	7:90415631	23	9	0.391304347826087
0.03166666666666667	0.03733055555555556	6.101405295445108	0.9716666666666667	19	seed_N	7:92458002	19	6	0.3157894736842105
0.5066666666666667	0.4732888888888888	1.3578156849054603	0.595	304	seed_N	7:95298396	304	145	0.4769736842105263
0.9166666666666666	1.1263888888888889	1.1577978525960926	0.435	550	seed_N	7:98291311	550	159	0.28909090909090907
0.35	0.4175	1.8461211399468347	0.7283333333333334	210	seed_N	7:101138164	210	77	0.36666666666666664
2.205	3.176308333333333	0.8082630645863991	0.165	1323	seed_N	7:101139179	1323	624	0.47165532879818595
0.22666666666666666	0.24862222222222224	2.1997955227136377	0.8083333333333333	136	seed_N	7:101161149	136	58	0.4264705882352941
0.04666666666666667	0.04448888888888888	4.5197977101879685	0.9533333333333334	28	seed_N	7:101161261	28	6	0.21428571428571427
0.02	0.019599999999999996	6.999999964999999	0.98	12	seed_N	7:102426426	12	6	0.5
0.023333333333333334	0.022788888888888893	6.469709614686531	0.9766666666666667	14	seed_N	7:110663471	14	6	0.42857142857142855
0.03833333333333333	0.03686388888888889	5.008688090792904	0.9616666666666667	23	seed_N	7:116258656	23	12	0.5217391304347826
0.03166666666666667	0.03066388888888889	5.5298234307517316	0.9683333333333334	19	seed_N	7:116506657	19	11	0.5789473684210527
0.11	0.11123333333333335	3.031969236131938	0.8966666666666666	66	seed_N	7:118192084	66	39	0.5909090909090909
0.03666666666666667	0.03532222222222223	5.1256928438428195	0.9633333333333334	22	seed_N	7:127580773	22	11	0.5
0.035	0.033775	5.250850256280172	0.965	21	seed_N	7:128092216	21	13	0.6190476190476191
0.03166666666666667	0.03066388888888889	5.5298234307517316	0.9683333333333334	19	seed_N	7:134290431	19	10	0.5263157894736842
0.20333333333333334	0.22865555555555556	2.35170205333016	0.825	122	seed_N	7:143390992	122	60	0.4918032786885246
0.03333333333333333	0.032222222222222215	5.385164790979009	0.9666666666666667	20	seed_N	7:149880331	20	7	0.35
0.09666666666666666	0.10065555555555555	3.282026863758418	0.9083333333333333	58	seed_N	7:149880502	58	22	0.3793103448275862
0.028333333333333332	0.02753055555555556	5.856117946642017	0.9716666666666667	17	seed_N	7:150410870	17	8	0.47058823529411764
0.028333333333333332	0.02753055555555556	5.856117946642017	0.9716666666666667	17	seed_N	7:150410871	17	8	0.47058823529411764
1.9433333333333334	2.966788888888889	0.8863311684872748	0.21333333333333335	1166	seed_N	7:150791528	1166	560	0.48027444253859347
0.06	0.05973333333333334	4.073400610949524	0.9416666666666667	36	seed_N	7:151378237	36	20	0.5555555555555556
0.025	0.024374999999999997	6.244997973418406	0.975	15	seed_N	7:151556140	15	3	0.2
0.03666666666666667	0.035322222222222234	5.12569284384282	0.9633333333333334	22	seed_N	9:4707519	22	11	0.5
0.25166666666666665	0.2816638888888888	2.108821829441589	0.7883333333333333	151	seed_N	9:4711440	151	91	0.6026490066225165
0.09	0.09523333333333334	3.4288776035261774	0.9166666666666666	54	seed_N	9:4860300	54	29	0.5370370370370371
0.023333333333333334	0.026122222222222227	6.926730211685817	0.9783333333333334	14	seed_N	9:4860643	14	7	0.5
0.028333333333333332	0.030863888888888896	6.2005134070188745	0.9733333333333334	17	seed_N	9:6723861	17	4	0.23529411764705882
0.2783333333333333	0.27753055555555556	1.892736606125471	0.755	167	seed_N	9:7798435	167	68	0.40718562874251496
0.10333333333333333	0.09598888888888889	2.9982651909625204	0.8983333333333333	62	seed_N	9:7798518	62	31	0.5
0.06166666666666667	0.07119722222222225	4.326941768398225	0.9433333333333334	37	seed_N	9:14087770	37	15	0.40540540540540543
0.305	0.311975	1.8313023689492023	0.7383333333333333	183	seed_N	9:33110841	183	90	0.4918032786885246
0.07166666666666667	0.0798638888888889	3.943283678023632	0.935	43	seed_N	9:34368986	43	15	0.3488372093023256
0.03666666666666667	0.041988888888888895	5.588506489959958	0.9666666666666667	22	seed_N	9:34369064	22	12	0.5454545454545454
0.14666666666666667	0.1584888888888889	2.714363384846319	0.8683333333333333	88	seed_N	9:36211830	88	47	0.5340909090909091
0.028333333333333332	0.03419722222222223	6.52676149527918	0.975	17	seed_N	9:37358089	17	8	0.47058823529411764
0.041666666666666664	0.04326388888888891	4.991993577758691	0.96	25	seed_N	9:37780561	25	8	0.32
0.02	0.019599999999999996	6.999999964999999	0.98	12	seed_N	9:37861797	12	3	0.25
0.03	0.029099999999999994	5.686240684123191	0.97	18	seed_N	9:37863199	18	12	0.6666666666666666
0.04	0.04173333333333333	5.107184469246892	0.9616666666666667	24	seed_N	9:37919746	24	12	0.5
0.021666666666666667	0.021197222222222218	6.719661132604933	0.9783333333333334	13	seed_N	9:71973409	13	9	0.6923076923076923
0.03666666666666667	0.03532222222222223	5.1256928438428195	0.9633333333333334	22	seed_N	9:75146726	22	12	0.5454545454545454
0.03666666666666667	0.035322222222222234	5.12569284384282	0.9633333333333334	22	seed_N	9:89316518	22	3	0.13636363636363635
0.05333333333333334	0.053822222222222216	4.349928152170213	0.9483333333333334	32	seed_N	9:92711437	32	13	0.40625
0.935	1.3107750000000002	1.2244821650983357	0.46166666666666667	561	seed_N	9:94603360	561	304	0.5418894830659536
0.085	0.09110833333333335	3.5510772890291946	0.92	51	seed_N	9:95086808	51	28	0.5490196078431373
0.575	0.6577083333333332	1.4104212009259396	0.5866666666666667	345	seed_N	9:101420658	345	166	0.4811594202898551
5.513333333333334	17.08982222222222	0.7498156867667525	0.055	3308	seed_N	9:101421740	3308	1529	0.4622128174123337
0.025	0.027708333333333335	6.65832809184608	0.9766666666666667	15	seed_N	9:109946491	15	7	0.4666666666666667
0.185	0.19077499999999997	2.3609620291844475	0.8333333333333334	111	seed_N	9:111562668	111	50	0.45045045045045046
0.06666666666666667	0.06888888888888889	3.9370039311004	0.9366666666666666	40	seed_N	9:112218687	40	19	0.475
0.05	0.06083333333333332	4.932882852450481	0.955	30	seed_N	9:113264080	30	15	0.5
0.31666666666666665	0.33638888888888885	1.8315486985063862	0.735	190	seed_N	9:113386350	190	92	0.4842105263157895
0.08833333333333333	0.09386388888888889	3.468363858445616	0.9183333333333333	53	seed_N	9:114311308	53	22	0.41509433962264153
0.18166666666666667	0.1886638888888889	2.3909425630854537	0.8366666666666667	109	seed_N	9:122144177	109	43	0.3944954128440367
0.056666666666666664	0.056788888888888896	4.205368122394087	0.945	34	seed_N	9:124352210	34	15	0.4411764705882353
0.035	0.033775	5.250850256280172	0.965	21	seed_N	9:125146790	21	3	0.14285714285714285
0.03166666666666667	0.030663888888888893	5.5298234307517316	0.9683333333333334	19	seed_N	9:125146810	19	2	0.10526315789473684
0.075	0.08270833333333333	3.8345408674955896	0.9316666666666666	45	seed_N	9:125233767	45	20	0.4444444444444444
0.03333333333333333	0.032222222222222215	5.385164790979009	0.9666666666666667	20	seed_N	9:125235024	20	8	0.4
0.165	0.167775	2.4824452517209656	0.85	99	seed_N	9:127407595	99	59	0.5959595959595959
0.03	0.0291	5.686240684123191	0.97	18	seed_N	9:127407721	18	13	0.7222222222222222
0.041666666666666664	0.03993055555555557	4.795831511802725	0.9583333333333334	25	seed_N	9:127505577	25	8	0.32
0.028333333333333332	0.027530555555555558	5.856117946642016	0.9716666666666667	17	seed_N	9:127790085	17	9	0.5294117647058824
0.08333333333333333	0.09972222222222223	3.7894590597519326	0.9283333333333333	50	seed_N	9:127813796	50	27	0.54
0.02666666666666667	0.025955555555555558	6.041522964141575	0.9733333333333334	16	seed_N	9:130139940	16	12	0.75
0.06666666666666667	0.06222222222222224	3.741657381161456	0.9333333333333333	40	seed_N	9:131576983	40	18	0.45
0.07666666666666666	0.08412222222222221	3.7831084078340274	0.93	46	seed_N	9:133058374	46	18	0.391304347826087
0.30833333333333335	0.31993055555555555	1.8344563480162106	0.7416666666666667	185	seed_N	9:133663599	185	92	0.4972972972972973
0.12166666666666667	0.15353055555555556	3.2205185174635305	0.8916666666666667	73	seed_N	9:135504405	73	48	0.6575342465753424
0.02	0.02293333333333333	7.5718777565409745	0.9816666666666667	12	seed_N	9:135933271	12	7	0.5833333333333334
0.06833333333333333	0.08699722222222221	4.31638411948532	0.9416666666666667	41	seed_N	9:136375697	41	18	0.43902439024390244
0.11166666666666666	0.10919722222222222	2.9592539959301667	0.8933333333333333	67	seed_N	9:136402033	67	31	0.4626865671641791
0.08833333333333333	0.08719722222222223	3.3429255561697118	0.915	53	seed_N	9:136423417	53	34	0.6415094339622641
0.235	0.24644166666666667	2.112463462979929	0.7933333333333333	141	seed_N	9:136423527	141	80	0.5673758865248227
0.49833333333333335	0.6033305555555556	1.5586827256247402	0.635	299	seed_N	9:136423619	299	191	0.6387959866220736
0.09666666666666666	0.09398888888888891	3.1714766199126156	0.9066666666666666	58	seed_N	9:136672371	58	31	0.5344827586206896
0.2966666666666667	0.36532222222222227	2.0373671213114566	0.7683333333333333	178	seed_N	9:136672544	178	85	0.47752808988764045
0.595	0.710975	1.4171316550362278	0.5816666666666667	357	seed_N	9:136673235	357	173	0.484593837535014
0.02	0.019599999999999996	6.999999964999999	0.98	12	seed_N	9:136723831	12	6	0.5
0.02666666666666667	0.025955555555555558	6.041522964141575	0.9733333333333334	16	seed_N	9:136724914	16	7	0.4375
0.14333333333333334	0.1427888888888889	2.636331421710702	0.8666666666666667	86	seed_N	9:137273425	86	56	0.6511627906976745
0.14	0.14706666666666662	2.739233715809052	0.8716666666666667	84	stCNASim-rs_N	1:1217251	84	43	0.5119047619047619
0.18833333333333332	0.20953055555555555	2.4305048325571343	0.835	113	stCNASim-rs_N	1:2189679	113	44	0.3893805309734513
0.025	0.024374999999999997	6.244997973418406	0.975	15	stCNASim-rs_N	1:9268027	15	1	0.06666666666666667
0.035	0.047108333333333335	6.201272618840251	0.97	21	stCNASim-rs_N	1:9848424	21	9	0.42857142857142855
0.035	0.037108333333333327	5.50386380951624	0.9666666666666667	21	stCNASim-rs_N	1:11054883	21	14	0.6666666666666666
0.08666666666666667	0.08915555555555556	3.4452608693414213	0.9183333333333333	52	stCNASim-rs_N	1:11106656	52	23	0.4423076923076923
0.016666666666666666	0.01638888888888889	7.681145701781734	0.9833333333333333	10	stCNASim-rs_N	1:17407068	10	6	0.6
0.395	0.44564166666666666	1.6900353905991108	0.685	237	stCNASim-rs_N	1:19282760	237	121	0.510548523206751
0.12666666666666668	0.14395555555555553	2.995379634505162	0.89	76	stCNASim-rs_N	1:19338963	76	23	0.3026315789473684
0.16	0.1777333333333333	2.6349019573135823	0.86	96	stCNASim-rs_N	1:19339003	96	39	0.40625
0.02	0.019599999999999992	6.999999964999999	0.98	12	stCNASim-rs_N	1:19682387	12	4	0.3333333333333333
0.028333333333333332	0.02753055555555556	5.856117946642017	0.9716666666666667	17	stCNASim-rs_N	1:20191733	17	2	0.11764705882352941
0.04	0.03840000000000001	4.898979473318908	0.96	24	stCNASim-rs_N	1:20618562	24	15	0.625
0.04833333333333333	0.04933055555555555	4.595272337473194	0.9533333333333334	29	stCNASim-rs_N	1:20650507	29	19	0.6551724137931034
0.04	0.038400000000000004	4.898979473318907	0.96	24	stCNASim-rs_N	1:20650728	24	10	0.4166666666666667
0.29833333333333334	0.3093305555555556	1.8642735161775983	0.7466666666666667	179	stCNASim-rs_N	1:20651255	179	78	0.43575418994413406
0.05	0.05083333333333333	4.509249743804395	0.9516666666666667	30	stCNASim-rs_N	1:20651363	30	17	0.5666666666666667
0.045	0.042975000000000006	4.606758310124511	0.955	27	stCNASim-rs_N	1:23083647	27	9	0.3333333333333333
0.03	0.032433333333333335	6.003085606318647	0.9716666666666667	18	stCNASim-rs_N	1:25818183	18	7	0.3888888888888889
0.018333333333333333	0.01799722222222222	7.317475928304944	0.9816666666666667	11	stCNASim-rs_N	1:25861747	11	4	0.36363636363636365
0.035	0.03710833333333333	5.50386380951624	0.9666666666666667	21	stCNASim-rs_N	1:26282323	21	1	0.047619047619047616
0.04	0.04173333333333333	5.107184469246892	0.9616666666666667	24	stCNASim-rs_N	1:26282337	24	1	0.041666666666666664
0.08166666666666667	0.08166388888888887	3.4992115449154144	0.9216666666666666	49	stCNASim-rs_N	1:27336175	49	26	0.5306122448979592
0.023333333333333334	0.026122222222222227	6.926730211685817	0.9783333333333334	14	stCNASim-rs_N	1:27353801	14	9	0.6428571428571429
0.016666666666666666	0.016388888888888887	7.681145701781733	0.9833333333333333	10	stCNASim-rs_N	1:31434255	10	3	0.3
0.3	0.31333333333333335	1.8658728464610053	0.7466666666666667	180	stCNASim-rs_N	1:32231462	180	52	0.28888888888888886
0.29833333333333334	0.3093305555555556	1.8642735161775983	0.7466666666666667	179	stCNASim-rs_N	1:32231470	179	51	0.2849162011173184
0.2783333333333333	0.2908638888888889	1.9376694063043585	0.7633333333333333	167	stCNASim-rs_N	1:33323781	167	92	0.5508982035928144
0.12333333333333334	0.1247888888888889	2.864227361730232	0.885	74	stCNASim-rs_N	1:33323919	74	44	0.5945945945945946
0.06833333333333333	0.06699722222222221	3.787876330691619	0.9333333333333333	41	stCNASim-rs_N	1:33323987	41	26	0.6341463414634146
0.07833333333333334	0.08219722222222221	3.6600073917881772	0.9266666666666666	47	stCNASim-rs_N	1:34795631	47	23	0.48936170212765956
0.016666666666666666	0.016388888888888887	7.681145701781733	0.9833333333333333	10	stCNASim-rs_N	1:37455082	10	5	0.5
0.07833333333333334	0.07219722222222222	3.4301541389225894	0.9216666666666666	47	stCNASim-rs_N	1:37493212	47	21	0.44680851063829785
0.043333333333333335	0.044788888888888885	4.883858197760319	0.9583333333333334	26	stCNASim-rs_N	1:38838323	26	20	0.7692307692307693
0.025	0.024375	6.244997973418406	0.975	15	stCNASim-rs_N	1:39006034	15	7	0.4666666666666667
0.10166666666666667	0.10133055555555555	3.131061707184953	0.9033333333333333	61	stCNASim-rs_N	1:39753608	61	32	0.5245901639344263
0.145	0.14064166666666666	2.5863601469323383	0.8633333333333333	87	stCNASim-rs_N	1:42746440	87	37	0.42528735632183906
0.02666666666666667	0.032622222222222226	6.773108566672876	0.9766666666666667	16	stCNASim-rs_N	1:42807170	16	4	0.25
0.023333333333333334	0.03612222222222222	8.145362988033263	0.9816666666666667	14	stCNASim-rs_N	1:45513003	14	6	0.42857142857142855
0.03333333333333333	0.032222222222222215	5.385164790979009	0.9666666666666667	20	stCNASim-rs_N	1:46635343	20	14	0.7
0.22166666666666668	0.2358638888888889	2.1909392548494337	0.8083333333333333	133	stCNASim-rs_N	1:47149558	133	60	0.45112781954887216
0.30666666666666664	0.33595555555555556	1.8900545589626483	0.7483333333333333	184	stCNASim-rs_N	1:47378792	184	97	0.5271739130434783
0.02	0.019599999999999996	6.999999964999999	0.98	12	stCNASim-rs_N	1:51788121	12	7	0.5833333333333334
0.06333333333333334	0.06265555555555556	3.9522776427815085	0.9383333333333334	38	stCNASim-rs_N	1:51788192	38	19	0.5
0.05	0.06083333333333332	4.932882852450481	0.955	30	stCNASim-rs_N	1:52087086	30	6	0.2
0.03666666666666667	0.03865555555555556	5.362095295579241	0.965	22	stCNASim-rs_N	1:53085393	22	12	0.5454545454545454
0.02	0.019599999999999992	6.999999964999999	0.98	12	stCNASim-rs_N	1:53214418	12	3	0.25
1.53	1.8324333333333334	0.8847542567715566	0.24166666666666667	918	stCNASim-rs_N	1:54849938	918	398	0.4335511982570806
0.38333333333333336	0.3530555555555556	1.5500472578544124	0.6683333333333333	230	stCNASim-rs_N	1:59893405	230	128	0.5565217391304348
0.18333333333333332	0.19972222222222225	2.4376523037234485	0.84	110	stCNASim-rs_N	1:65635232	110	45	0.4090909090909091
0.04833333333333333	0.04599722222222222	4.437302681916048	0.9516666666666667	29	stCNASim-rs_N	1:67701808	29	10	0.3448275862068966
0.021666666666666667	0.021197222222222218	6.719661132604933	0.9783333333333334	13	stCNASim-rs_N	1:68125570	13	7	0.5384615384615384
0.028333333333333332	0.02753055555555556	5.856117946642017	0.9716666666666667	17	stCNASim-rs_N	1:74766547	17	5	0.29411764705882354
0.06833333333333333	0.06366388888888887	3.6924444886224888	0.9316666666666666	41	stCNASim-rs_N	1:78664009	41	20	0.4878048780487805
0.30666666666666664	0.32928888888888885	1.8712075692163732	0.7416666666666667	184	stCNASim-rs_N	1:86862842	184	87	0.47282608695652173
0.3	0.3433333333333333	1.95315509170972	0.7533333333333333	180	stCNASim-rs_N	1:100738939	180	101	0.5611111111111111
0.07333333333333333	0.09128888888888889	4.12009788297247	0.9366666666666666	44	stCNASim-rs_N	1:109062683	44	23	0.5227272727272727
0.041666666666666664	0.04993055555555557	5.362835058245966	0.9633333333333334	25	stCNASim-rs_N	1:109062756	25	11	0.44
0.07	0.07176666666666666	3.8270430441209964	0.9333333333333333	42	stCNASim-rs_N	1:109737079	42	7	0.16666666666666666
0.058333333333333334	0.06159722222222223	4.254649310373582	0.945	35	stCNASim-rs_N	1:112700426	35	24	0.6857142857142857
0.09666666666666666	0.09065555555555557	3.1147304472076813	0.905	58	stCNASim-rs_N	1:113982039	58	28	0.4827586206896552
0.028333333333333332	0.02753055555555556	5.856117946642017	0.9716666666666667	17	stCNASim-rs_N	1:117528667	17	9	0.5294117647058824
0.8516666666666667	1.0863305555555556	1.2238025331828997	0.4666666666666667	511	stCNASim-rs_N	10:3779135	511	264	0.5166340508806262
0.21666666666666667	0.24305555555555552	2.275415300141968	0.815	130	stCNASim-rs_N	10:3779369	130	58	0.4461538461538462
0.02	0.019599999999999992	6.999999964999999	0.98	12	stCNASim-rs_N	10:4979696	12	7	0.5833333333333334
0.225	0.234375	2.1516574136033837	0.8033333333333333	135	stCNASim-rs_N	10:5638921	135	46	0.34074074074074073
0.07833333333333334	0.07219722222222222	3.4301541389225894	0.9216666666666666	47	stCNASim-rs_N	10:5639069	47	14	0.2978723404255319
0.025	0.027708333333333328	6.658328091846079	0.9766666666666667	15	stCNASim-rs_N	10:5765645	15	3	0.2
0.02666666666666667	0.025955555555555558	6.041522964141575	0.9733333333333334	16	stCNASim-rs_N	10:5937534	16	14	0.875
0.06666666666666667	0.07222222222222223	4.0311288681025825	0.9383333333333334	40	stCNASim-rs_N	10:12835510	40	18	0.45
1.0233333333333334	1.306122222222222	1.1167984138818656	0.4066666666666667	614	stCNASim-rs_N	10:17237518	614	263	0.42833876221498374
0.03166666666666667	0.03066388888888889	5.5298234307517316	0.9683333333333334	19	stCNASim-rs_N	10:18513378	19	7	0.3684210526315789
0.11166666666666666	0.10919722222222222	2.9592539959301667	0.8933333333333333	67	stCNASim-rs_N	10:23119349	67	32	0.47761194029850745
0.035	0.033775	5.250850256280172	0.965	21	stCNASim-rs_N	10:27110930	21	9	0.42857142857142855
0.06166666666666667	0.0678638888888889	4.224437577009329	0.9433333333333334	37	stCNASim-rs_N	10:27539593	37	15	0.40540540540540543
0.04833333333333333	0.052663888888888885	4.747989113314535	0.955	29	stCNASim-rs_N	10:42831179	29	16	0.5517241379310345
0.018333333333333333	0.017997222222222223	7.317475928304944	0.9816666666666667	11	stCNASim-rs_N	10:58288034	11	7	0.6363636363636364
0.025	0.024374999999999994	6.244997973418404	0.975	15	stCNASim-rs_N	10:69016838	15	9	0.6
0.041666666666666664	0.04326388888888891	4.991993577758691	0.96	25	stCNASim-rs_N	10:69104309	25	12	0.48
0.03666666666666667	0.035322222222222234	5.12569284384282	0.9633333333333334	22	stCNASim-rs_N	10:70299248	22	11	0.5
0.04	0.0384	4.8989794733189065	0.96	24	stCNASim-rs_N	10:79382609	24	14	0.5833333333333334
0.11833333333333333	0.12433055555555557	2.9797637907111105	0.8916666666666667	71	stCNASim-rs_N	10:80092303	71	68	0.9577464788732394
0.016666666666666666	0.016388888888888887	7.681145701781733	0.9833333333333333	10	stCNASim-rs_N	10:80522502	10	6	0.6
0.405	0.5176416666666668	1.7764770042503613	0.7033333333333334	243	stCNASim-rs_N	10:86970617	243	108	0.4444444444444444
0.05	0.050833333333333314	4.509249743804394	0.9516666666666667	30	stCNASim-rs_N	10:89015534	30	18	0.6
0.04833333333333333	0.04933055555555555	4.595272337473194	0.9533333333333334	29	stCNASim-rs_N	10:94735475	29	18	0.6206896551724138
0.22166666666666668	0.22919722222222225	2.159753985723527	0.8016666666666666	133	stCNASim-rs_N	10:94735727	133	77	0.5789473684210527
0.33	0.36110000000000003	1.8209574767298449	0.7333333333333333	198	stCNASim-rs_N	10:94736036	198	79	0.398989898989899
0.041666666666666664	0.03993055555555557	4.795831511802725	0.9583333333333334	25	stCNASim-rs_N	10:94942580	25	9	0.36
0.03	0.0291	5.686240684123191	0.97	18	stCNASim-rs_N	10:95311992	18	4	0.2222222222222222
0.028333333333333332	0.027530555555555558	5.856117946642016	0.9716666666666667	17	stCNASim-rs_N	10:103088366	17	7	0.4117647058823529
0.06333333333333334	0.06265555555555556	3.9522776427815085	0.9383333333333334	38	stCNASim-rs_N	10:110286442	38	13	0.34210526315789475
0.035	0.033775	5.250850256280172	0.965	21	stCNASim-rs_N	10:113589157	21	6	0.2857142857142857
0.041666666666666664	0.03993055555555557	4.795831511802725	0.9583333333333334	25	stCNASim-rs_N	10:117277498	25	13	0.52
0.043333333333333335	0.04145555555555556	4.698608621180273	0.9566666666666667	26	stCNASim-rs_N	10:117277560	26	13	0.5
0.24333333333333335	0.2674555555555555	2.1253193982571	0.7933333333333333	146	stCNASim-rs_N	10:119168032	146	79	0.541095890410959
0.07166666666666667	0.08319722222222221	4.0247342300732765	0.9366666666666666	43	stCNASim-rs_N	10:119941648	43	30	0.6976744186046512
0.25666666666666665	0.2607888888888889	1.9896426017920228	0.775	154	stCNASim-rs_N	10:124614028	154	86	0.5584415584415584
0.07666666666666666	0.08745555555555555	3.8573328835372362	0.93	46	stCNASim-rs_N	10:125836503	46	30	0.6521739130434783
17.411666666666665	112.07219722222221	0.6080070274418395	0.0	10447	stCNASim-rs_N	10:133539005	10447	4918	0.47075715516416194
16.861666666666668	104.31253055555557	0.6057141803129819	0.0	10117	stCNASim-rs_N	10:133539010	10117	4723	0.4668379954531976
0.11333333333333333	0.11382222222222223	2.97684256887455	0.8933333333333333	68	stCNASim-rs_N	11:252649	68	26	0.38235294117647056
0.20666666666666667	0.24062222222222224	2.37354479099953	0.8233333333333334	124	stCNASim-rs_N	11:252733	124	53	0.4274193548387097
0.20333333333333334	0.23865555555555554	2.402576328096189	0.8266666666666667	122	stCNASim-rs_N	11:252735	122	53	0.4344262295081967
0.34	0.3677333333333333	1.7835594177133574	0.72	204	stCNASim-rs_N	11:252941	204	100	0.49019607843137253
0.043333333333333335	0.04478888888888888	4.883858197760318	0.9583333333333334	26	stCNASim-rs_N	11:295343	26	15	0.5769230769230769
0.26666666666666666	0.29222222222222227	2.027159341768172	0.775	160	stCNASim-rs_N	11:295527	160	112	0.7
0.03333333333333333	0.035555555555555556	5.656854232521817	0.9683333333333334	20	stCNASim-rs_N	11:295670	20	15	0.75
0.215	0.208775	2.1252047898306428	0.805	129	stCNASim-rs_N	11:309127	129	44	0.34108527131782945
0.03	0.0291	5.686240684123191	0.97	18	stCNASim-rs_N	11:824789	18	11	0.6111111111111112
0.30333333333333334	0.3113222222222223	1.8394370217873286	0.7416666666666667	182	stCNASim-rs_N	11:825110	182	106	0.5824175824175825
0.6716666666666666	0.9205305555555556	1.428450872246877	0.5416666666666666	403	stCNASim-rs_N	11:838672	403	156	0.3870967741935484
0.8066666666666666	0.9259555555555554	1.1928915426621067	0.4666666666666667	484	stCNASim-rs_N	11:840363	484	187	0.38636363636363635
0.045	0.042975000000000006	4.606758310124511	0.955	27	stCNASim-rs_N	11:866794	27	19	0.7037037037037037
0.18833333333333332	0.21619722222222224	2.468867948046978	0.8366666666666667	113	stCNASim-rs_N	11:870446	113	61	0.5398230088495575
0.04	0.03840000000000001	4.898979473318908	0.96	24	stCNASim-rs_N	11:3826200	24	12	0.5
0.051666666666666666	0.05233055555555555	4.427588271890786	0.95	31	stCNASim-rs_N	11:5663657	31	17	0.5483870967741935
0.021666666666666667	0.021197222222222218	6.719661132604933	0.9783333333333334	13	stCNASim-rs_N	11:5710519	13	5	0.38461538461538464
0.06	0.05973333333333334	4.073400610949524	0.9416666666666667	36	stCNASim-rs_N	11:5710797	36	11	0.3055555555555556
0.06	0.05973333333333334	4.073400610949524	0.9416666666666667	36	stCNASim-rs_N	11:5710798	36	11	0.3055555555555556
2.76	3.9757333333333342	0.7224362696136467	0.105	1656	stCNASim-rs_N	11:8685686	1656	755	0.4559178743961353
0.028333333333333332	0.030863888888888896	6.2005134070188745	0.9733333333333334	17	stCNASim-rs_N	11:10558089	17	11	0.6470588235294118
0.07333333333333333	0.06795555555555556	3.554766321701165	0.9266666666666666	44	stCNASim-rs_N	11:10779639	44	24	0.5454545454545454
0.03333333333333333	0.032222222222222215	5.385164790979009	0.9666666666666667	20	stCNASim-rs_N	11:12529850	20	9	0.45
0.021666666666666667	0.021197222222222218	6.719661132604933	0.9783333333333334	13	stCNASim-rs_N	11:17788092	13	7	0.5384615384615384
0.03333333333333333	0.032222222222222215	5.385164790979009	0.9666666666666667	20	stCNASim-rs_N	11:17788177	20	12	0.6
0.02666666666666667	0.025955555555555558	6.041522964141575	0.9733333333333334	16	stCNASim-rs_N	11:18366581	16	6	0.375
0.11166666666666666	0.11586388888888886	3.0482494063230003	0.8966666666666666	67	stCNASim-rs_N	11:20383589	67	22	0.3283582089552239
0.5616666666666666	0.7161972222222223	1.5067377371311819	0.61	337	stCNASim-rs_N	11:32105392	337	149	0.4421364985163205
0.056666666666666664	0.05345555555555556	4.080080730178643	0.9433333333333334	34	stCNASim-rs_N	11:33705434	34	27	0.7941176470588235
0.14166666666666666	0.14493055555555556	2.6872761817502564	0.8683333333333333	85	stCNASim-rs_N	11:33708715	85	47	0.5529411764705883
0.21833333333333332	0.2639972222222222	2.353312670761051	0.82	131	stCNASim-rs_N	11:43856384	131	62	0.4732824427480916
0.14166666666666666	0.13493055555555555	2.5929102147031444	0.865	85	stCNASim-rs_N	11:49146748	85	37	0.43529411764705883
0.11666666666666667	0.11305555555555558	2.8820344263628304	0.8883333333333333	70	stCNASim-rs_N	11:57484855	70	30	0.42857142857142855
0.5216666666666666	0.6161972222222223	1.5047584155873073	0.6183333333333333	313	stCNASim-rs_N	11:58956265	313	135	0.43130990415335463
0.15	0.1675	2.7284509221385163	0.8683333333333333	90	stCNASim-rs_N	11:59209161	90	41	0.45555555555555555
0.04	0.041733333333333344	5.107184469246893	0.9616666666666667	24	stCNASim-rs_N	11:59209238	24	20	0.8333333333333334
0.018333333333333333	0.017997222222222223	7.317475928304944	0.9816666666666667	11	stCNASim-rs_N	11:59636914	11	7	0.6363636363636364
0.04	0.04840000000000001	5.499999986250001	0.9633333333333334	24	stCNASim-rs_N	11:60389634	24	3	0.125
0.06	0.06306666666666667	4.185512926765782	0.9433333333333334	36	stCNASim-rs_N	11:60389693	36	8	0.2222222222222222
0.021666666666666667	0.021197222222222218	6.719661132604933	0.9783333333333334	13	stCNASim-rs_N	11:60394776	13	12	0.9230769230769231
0.03	0.0291	5.686240684123191	0.97	18	stCNASim-rs_N	11:61802358	18	0	0.0
0.045	0.05297500000000001	5.114733004848996	0.96	27	stCNASim-rs_N	11:63304838	27	1	0.037037037037037035
0.028333333333333332	0.02753055555555556	5.856117946642017	0.9716666666666667	17	stCNASim-rs_N	11:64853046	17	3	0.17647058823529413
0.19	0.19390000000000002	2.317583036285903	0.83	114	stCNASim-rs_N	11:65439446	114	59	0.5175438596491229
0.15666666666666668	0.1687888888888889	2.6223781863068036	0.86	94	stCNASim-rs_N	11:65439998	94	59	0.6276595744680851
0.8733333333333333	1.0406222222222221	1.1680636563307831	0.43833333333333335	524	stCNASim-rs_N	11:65440647	524	255	0.4866412213740458
0.11166666666666666	0.11919722222222222	3.0917866288779474	0.8983333333333333	67	stCNASim-rs_N	11:65592439	67	35	0.5223880597014925
0.295	0.3013083333333334	1.860730838829511	0.7466666666666667	177	stCNASim-rs_N	11:65597847	177	82	0.4632768361581921
0.07333333333333333	0.07795555555555557	3.807343920512154	0.9316666666666666	44	stCNASim-rs_N	11:66337522	44	19	0.4318181818181818
0.12333333333333334	0.13145555555555555	2.9397405485731554	0.8883333333333333	74	stCNASim-rs_N	11:69492939	74	34	0.4594594594594595
0.21166666666666667	0.2368638888888889	2.2993069757276285	0.8133333333333334	127	stCNASim-rs_N	11:70436523	127	85	0.6692913385826772
0.19833333333333333	0.20566388888888887	2.2865637312679117	0.825	119	stCNASim-rs_N	11:72003032	119	54	0.453781512605042
0.018333333333333333	0.017997222222222223	7.317475928304944	0.9816666666666667	11	stCNASim-rs_N	11:75205650	11	6	0.5454545454545454
0.075	0.079375	3.756475884852914	0.93	45	stCNASim-rs_N	11:75205802	45	26	0.5777777777777777
0.13833333333333334	0.1358638888888889	2.6645580021236137	0.87	83	stCNASim-rs_N	11:75800527	83	31	0.37349397590361444
0.03	0.0291	5.686240684123191	0.97	18	stCNASim-rs_N	11:85636371	18	12	0.6666666666666666
0.04	0.04173333333333333	5.107184469246892	0.9616666666666667	24	stCNASim-rs_N	11:95832124	24	7	0.2916666666666667
0.11166666666666666	0.1158638888888889	3.0482494063230012	0.8966666666666666	67	stCNASim-rs_N	11:95832625	67	17	0.2537313432835821
0.03166666666666667	0.030663888888888893	5.5298234307517316	0.9683333333333334	19	stCNASim-rs_N	11:102520694	19	3	0.15789473684210525
0.021666666666666667	0.021197222222222218	6.719661132604933	0.9783333333333334	13	stCNASim-rs_N	11:104943160	13	8	0.6153846153846154
0.018333333333333333	0.02133055555555556	7.966354826709253	0.9833333333333333	11	stCNASim-rs_N	11:106098374	11	5	0.45454545454545453
0.03833333333333333	0.07019722222222223	6.9116760840914235	0.9683333333333334	23	stCNASim-rs_N	11:106098531	23	16	0.6956521739130435
0.02	0.019599999999999996	6.999999964999999	0.98	12	stCNASim-rs_N	11:108368901	12	5	0.4166666666666667
0.03166666666666667	0.030663888888888893	5.5298234307517316	0.9683333333333334	19	stCNASim-rs_N	11:111883850	19	12	0.631578947368421
0.02666666666666667	0.025955555555555558	6.041522964141575	0.9733333333333334	16	stCNASim-rs_N	11:113798135	16	15	0.9375
0.68	0.7542666666666665	1.2771842224828884	0.5283333333333333	408	stCNASim-rs_N	11:116789970	408	251	0.6151960784313726
5.28	10.994933333333332	0.628003953328921	0.023333333333333334	3168	stCNASim-rs_N	11:116830819	3168	1640	0.5176767676767676
68.055	1004.1686416666668	0.46563250408681073	0.0	40833	stCNASim-rs_N	11:116832924	40833	20574	0.5038571743442803
65.57833333333333	926.1905305555556	0.46407673102823555	0.0	39347	stCNASim-rs_N	11:116832955	39347	19397	0.4929727806440135
0.04833333333333333	0.06266388888888888	5.179190951680999	0.9583333333333334	29	stCNASim-rs_N	11:117820203	29	20	0.6896551724137931
0.09666666666666666	0.09732222222222223	3.227225145932978	0.9083333333333333	58	stCNASim-rs_N	11:118001371	58	24	0.41379310344827586
0.04	0.038400000000000004	4.898979473318907	0.96	24	stCNASim-rs_N	11:118657756	24	8	0.3333333333333333
0.055	0.051975000000000014	4.145095670710008	0.945	33	stCNASim-rs_N	11:118747911	33	18	0.5454545454545454
0.07666666666666666	0.07412222222222221	3.551138687582474	0.925	46	stCNASim-rs_N	11:118791319	46	18	0.391304347826087
0.08	0.08693333333333332	3.68555739330905	0.9266666666666666	48	stCNASim-rs_N	11:119023577	48	25	0.5208333333333334
0.515	0.6231083333333332	1.5327613848463937	0.6216666666666667	309	stCNASim-rs_N	11:119024492	309	180	0.5825242718446602
0.018333333333333333	0.01799722222222222	7.317475928304944	0.9816666666666667	11	stCNASim-rs_N	11:119024785	11	5	0.45454545454545453
0.08833333333333333	0.0838638888888889	3.278407080252997	0.9133333333333333	53	stCNASim-rs_N	11:119096581	53	30	0.5660377358490566
0.016666666666666666	0.01972222222222222	8.42614972261946	0.985	10	stCNASim-rs_N	11:119096814	10	7	0.7
1.1433333333333333	1.476122222222222	1.0626452219612847	0.35833333333333334	686	stCNASim-rs_N	11:120229811	686	280	0.40816326530612246
0.9883333333333333	1.2181972222222222	1.1167484526996343	0.415	593	stCNASim-rs_N	11:120229888	593	234	0.3946037099494098
0.03833333333333333	0.03686388888888889	5.008688090792904	0.9616666666666667	23	stCNASim-rs_N	11:120230158	23	16	0.6956521739130435
0.06833333333333333	0.08366388888888886	4.23288448600831	0.94	41	stCNASim-rs_N	11:124884244	41	23	0.5609756097560976
0.018333333333333333	0.02466388888888889	8.566222299750649	0.985	11	stCNASim-rs_N	11:125097259	11	5	0.45454545454545453
0.041666666666666664	0.03993055555555557	4.795831511802725	0.9583333333333334	25	stCNASim-rs_N	11:125893851	25	13	0.52
0.035	0.033775	5.250850256280172	0.965	21	stCNASim-rs_N	11:129859423	21	6	0.2857142857142857
0.023333333333333334	0.022788888888888893	6.469709614686531	0.9766666666666667	14	stCNASim-rs_N	11:130210142	14	5	0.35714285714285715
0.03	0.032433333333333335	6.003085606318647	0.9716666666666667	18	stCNASim-rs_N	11:130210170	18	8	0.4444444444444444
0.023333333333333334	0.022788888888888893	6.469709614686531	0.9766666666666667	14	stCNASim-rs_N	12:1786206	14	5	0.35714285714285715
0.06166666666666667	0.061197222222222236	4.0115792889991635	0.94	37	stCNASim-rs_N	12:6866342	37	22	0.5945945945945946
0.30333333333333334	0.34132222222222225	1.9260259955934378	0.755	182	stCNASim-rs_N	12:7127589	182	99	0.5439560439560439
0.17166666666666666	0.18886388888888891	2.5315615414847694	0.85	103	stCNASim-rs_N	12:7128284	103	55	0.5339805825242718
0.09333333333333334	0.09795555555555556	3.3533413090658493	0.9133333333333333	56	stCNASim-rs_N	12:7158738	56	21	0.375
0.03666666666666667	0.035322222222222234	5.12569284384282	0.9633333333333334	22	stCNASim-rs_N	12:10116823	22	6	0.2727272727272727
0.04833333333333333	0.052663888888888885	4.747989113314535	0.955	29	stCNASim-rs_N	12:10116845	29	7	0.2413793103448276
0.10333333333333333	0.11265555555555555	3.2481484328470254	0.9066666666666666	62	stCNASim-rs_N	12:10699173	62	26	0.41935483870967744
0.025	0.024374999999999997	6.244997973418406	0.975	15	stCNASim-rs_N	12:14882147	15	7	0.4666666666666667
1.145	1.5539749999999999	1.0887208173966036	0.37666666666666665	687	stCNASim-rs_N	12:16364060	687	311	0.45269286754002913
0.025	0.031041666666666665	7.047458142432158	0.9783333333333334	15	stCNASim-rs_N	12:40368149	15	6	0.4
0.09166666666666666	0.08659722222222221	3.210262466136	0.91	55	stCNASim-rs_N	12:48829936	55	32	0.5818181818181818
0.021666666666666667	0.021197222222222215	6.719661132604933	0.9783333333333334	13	stCNASim-rs_N	12:49558611	13	7	0.5384615384615384
0.016666666666666666	0.01638888888888889	7.681145701781734	0.9833333333333333	10	stCNASim-rs_N	12:49644509	10	7	0.7
2.455	3.861308333333333	0.8004159691307813	0.145	1473	stCNASim-rs_N	12:49764761	1473	764	0.5186693822131704
0.021666666666666667	0.021197222222222218	6.719661132604933	0.9783333333333334	13	stCNASim-rs_N	12:54286558	13	5	0.38461538461538464
0.06166666666666667	0.061197222222222236	4.0115792889991635	0.94	37	stCNASim-rs_N	12:57095865	37	32	0.8648648648648649
0.03333333333333333	0.032222222222222215	5.385164790979009	0.9666666666666667	20	stCNASim-rs_N	12:57096045	20	13	0.65
0.085	0.087775	3.485511282258351	0.92	51	stCNASim-rs_N	12:66137052	51	42	0.8235294117647058
0.023333333333333334	0.022788888888888893	6.469709614686531	0.9766666666666667	14	stCNASim-rs_N	12:75499619	14	8	0.5714285714285714
0.018333333333333333	0.017997222222222223	7.317475928304944	0.9816666666666667	11	stCNASim-rs_N	12:79592094	11	7	0.6363636363636364
0.24166666666666667	0.24993055555555557	2.0686781401054635	0.79	145	stCNASim-rs_N	12:91145898	145	68	0.4689655172413793
0.9533333333333334	1.2111555555555555	1.1543969864318337	0.435	572	stCNASim-rs_N	12:95972733	572	291	0.5087412587412588
0.15833333333333333	0.1632638888888889	2.551953245209431	0.8566666666666667	95	stCNASim-rs_N	12:95972991	95	52	0.5473684210526316
0.09166666666666666	0.09659722222222221	3.390555668841488	0.915	55	stCNASim-rs_N	12:102396074	55	22	0.4
0.023333333333333334	0.022788888888888893	6.469709614686531	0.9766666666666667	14	stCNASim-rs_N	12:103772465	14	3	0.21428571428571427
0.30666666666666664	0.3792888888888889	2.008253291498352	0.7583333333333333	184	stCNASim-rs_N	12:103947325	184	93	0.5054347826086957
0.02	0.019599999999999992	6.999999964999999	0.98	12	stCNASim-rs_N	12:103951345	12	3	0.25
0.03333333333333333	0.04222222222222222	6.1644139844757335	0.97	20	stCNASim-rs_N	12:105173353	20	10	0.5
0.025	0.027708333333333335	6.65832809184608	0.9766666666666667	15	stCNASim-rs_N	12:106509896	15	4	0.26666666666666666
0.028333333333333332	0.03419722222222223	6.52676149527918	0.975	17	stCNASim-rs_N	12:109448798	17	10	0.5882352941176471
0.125	0.13604166666666667	2.9507061278168654	0.8866666666666667	75	stCNASim-rs_N	12:109557065	75	27	0.36
0.056666666666666664	0.05345555555555556	4.080080730178643	0.9433333333333334	34	stCNASim-rs_N	12:113192144	34	13	0.38235294117647056
0.03666666666666667	0.035322222222222234	5.12569284384282	0.9633333333333334	22	stCNASim-rs_N	12:113298311	22	12	0.5454545454545454
0.14166666666666666	0.14159722222222224	2.656193387507543	0.8683333333333333	85	stCNASim-rs_N	12:120127384	85	32	0.3764705882352941
0.13	0.13976666666666668	2.8757984890811183	0.8816666666666667	78	stCNASim-rs_N	12:120503412	78	39	0.5
0.028333333333333332	0.030863888888888896	6.2005134070188745	0.9733333333333334	17	stCNASim-rs_N	12:121641762	17	10	0.5882352941176471
0.018333333333333333	0.017997222222222223	7.317475928304944	0.9816666666666667	11	stCNASim-rs_N	12:121857429	11	6	0.5454545454545454
0.03166666666666667	0.030663888888888893	5.5298234307517316	0.9683333333333334	19	stCNASim-rs_N	12:122147205	19	7	0.3684210526315789
0.08833333333333333	0.09386388888888889	3.468363858445616	0.9166666666666666	53	stCNASim-rs_N	12:122271637	53	33	0.6226415094339622
1.3183333333333334	1.716997222222222	0.9939386141958517	0.3016666666666667	791	stCNASim-rs_N	12:132704890	791	334	0.4222503160556258
0.025	0.024374999999999997	6.244997973418406	0.975	15	stCNASim-rs_N	12:133205019	15	3	0.2
0.02	0.026266666666666664	8.103497146911325	0.9833333333333333	12	stCNASim-rs_N	14:20343283	12	9	0.75
0.018333333333333333	0.01799722222222222	7.317475928304944	0.9816666666666667	11	stCNASim-rs_N	14:20357806	11	5	0.45454545454545453
0.03	0.0291	5.686240684123191	0.97	18	stCNASim-rs_N	14:21209535	18	9	0.5
0.06833333333333333	0.07033055555555554	3.8809622378566133	0.935	41	stCNASim-rs_N	14:21459117	41	23	0.5609756097560976
0.02666666666666667	0.025955555555555555	6.041522964141574	0.9733333333333334	16	stCNASim-rs_N	14:22971970	16	10	0.625
0.065	0.07744166666666669	4.281283511256838	0.9416666666666667	39	stCNASim-rs_N	14:23098565	39	21	0.5384615384615384
0.028333333333333332	0.02753055555555556	5.856117946642017	0.9716666666666667	17	stCNASim-rs_N	14:35029237	17	10	0.5882352941176471
0.045	0.042975000000000006	4.606758310124511	0.955	27	stCNASim-rs_N	14:35029279	27	16	0.5925925925925926
0.07833333333333334	0.08219722222222221	3.6600073917881772	0.9266666666666666	47	stCNASim-rs_N	14:35401887	47	23	0.48936170212765956
0.09333333333333334	0.0946222222222222	3.2957919950571735	0.9116666666666666	56	stCNASim-rs_N	14:35402011	56	22	0.39285714285714285
0.07	0.08510000000000001	4.167414892850785	0.94	42	stCNASim-rs_N	14:39179425	42	26	0.6190476190476191
0.043333333333333335	0.05145555555555556	5.234726997411887	0.96	26	stCNASim-rs_N	14:39181720	26	6	0.23076923076923078
0.19333333333333333	0.19595555555555552	2.289665557579004	0.825	116	stCNASim-rs_N	14:39350530	116	47	0.4051724137931034
0.02	0.022933333333333326	7.5718777565409745	0.9816666666666667	12	stCNASim-rs_N	14:49625416	12	7	0.5833333333333334
0.03166666666666667	0.030663888888888893	5.5298234307517316	0.9683333333333334	19	stCNASim-rs_N	14:49784075	19	14	0.7368421052631579
0.02	0.019599999999999996	6.999999964999999	0.98	12	stCNASim-rs_N	14:50108690	12	3	0.25
0.02	0.019599999999999996	6.999999964999999	0.98	12	stCNASim-rs_N	14:50108693	12	3	0.25
0.315	0.3924416666666667	1.988735388285929	0.7466666666666667	189	stCNASim-rs_N	14:50905385	189	40	0.21164021164021163
0.07666666666666666	0.07078888888888889	3.47037148291819	0.9233333333333333	46	stCNASim-rs_N	14:52727701	46	29	0.6304347826086957
0.06333333333333334	0.059322222222222214	3.845708470166053	0.9366666666666666	38	stCNASim-rs_N	14:54423634	38	14	0.3684210526315789
0.016666666666666666	0.01638888888888889	7.681145701781734	0.9833333333333333	10	stCNASim-rs_N	14:64226188	10	8	0.8
0.018333333333333333	0.017997222222222223	7.317475928304944	0.9816666666666667	11	stCNASim-rs_N	14:64481771	11	4	0.36363636363636365
0.17	0.17110000000000003	2.433190337385939	0.845	102	stCNASim-rs_N	14:67677474	102	51	0.5
0.03	0.0291	5.686240684123191	0.97	18	stCNASim-rs_N	14:70584371	18	6	0.3333333333333333
0.07166666666666667	0.07319722222222223	3.7751142036573766	0.9316666666666666	43	stCNASim-rs_N	14:73220236	43	23	0.5348837209302325
0.12833333333333333	0.13519722222222222	2.8651305088151355	0.8833333333333333	77	stCNASim-rs_N	14:74286199	77	29	0.37662337662337664
0.09833333333333333	0.10199722222222221	3.247830908331212	0.9083333333333333	59	stCNASim-rs_N	14:75470319	59	19	0.3220338983050847
0.028333333333333332	0.02753055555555556	5.856117946642017	0.9716666666666667	17	stCNASim-rs_N	14:77469177	17	8	0.47058823529411764
0.03	0.04243333333333334	6.8664508906586645	0.9766666666666667	18	stCNASim-rs_N	14:88087008	18	10	0.5555555555555556
0.03	0.04243333333333334	6.8664508906586645	0.9766666666666667	18	stCNASim-rs_N	14:88087009	18	8	0.4444444444444444
0.023333333333333334	0.026122222222222224	6.9267302116858165	0.9783333333333334	14	stCNASim-rs_N	14:90278202	14	9	0.6428571428571429
0.25666666666666665	0.31078888888888895	2.1720172560861744	0.7933333333333333	154	stCNASim-rs_N	14:94116589	154	79	0.512987012987013
0.21333333333333335	0.22115555555555555	2.2043990100352375	0.81	128	stCNASim-rs_N	14:94377118	128	88	0.6875
0.016666666666666666	0.01638888888888889	7.681145701781734	0.9833333333333333	10	stCNASim-rs_N	14:94377481	10	8	0.8
67.86	1011.7437333333334	0.46872854920838186	0.0	40716	stCNASim-rs_N	14:94378506	40716	18829	0.4624471952058159
0.23166666666666666	0.24799722222222223	2.14961091255011	0.7983333333333333	139	stCNASim-rs_N	14:94592739	139	74	0.5323741007194245
2.4783333333333335	3.522863888888889	0.7573353238581372	0.10833333333333334	1487	stCNASim-rs_N	14:94593044	1487	728	0.48957632817753866
0.023333333333333334	0.022788888888888893	6.469709614686531	0.9766666666666667	14	stCNASim-rs_N	14:95407329	14	13	0.9285714285714286
0.035	0.033775	5.250850256280172	0.965	21	stCNASim-rs_N	14:100280985	21	17	0.8095238095238095
0.6683333333333333	0.8516638888888889	1.380832481098863	0.5433333333333333	401	stCNASim-rs_N	14:100330064	401	193	0.48129675810473815
0.03666666666666667	0.035322222222222234	5.12569284384282	0.9633333333333334	22	stCNASim-rs_N	14:102342318	22	10	0.45454545454545453
0.07666666666666666	0.07745555555555556	3.63010932720189	0.9266666666666666	46	stCNASim-rs_N	14:102348361	46	19	0.41304347826086957
0.02	0.02293333333333333	7.5718777565409745	0.9816666666666667	12	stCNASim-rs_N	14:102348608	12	7	0.5833333333333334
0.31333333333333335	0.37182222222222217	1.946081714660463	0.7483333333333333	188	stCNASim-rs_N	14:102930718	188	94	0.5
0.023333333333333334	0.022788888888888893	6.469709614686531	0.9766666666666667	14	stCNASim-rs_N	14:103503572	14	9	0.6428571428571429
0.056666666666666664	0.06345555555555557	4.445362258016203	0.9483333333333334	34	stCNASim-rs_N	14:103535897	34	18	0.5294117647058824
0.21	0.24589999999999998	2.3613478594883937	0.8216666666666667	126	stCNASim-rs_N	14:104115423	126	56	0.4444444444444444
1.1766666666666667	8.575455555555555	2.4887149090422174	0.6333333333333333	706	stCNASim-rs_N	14:105769274	706	334	0.4730878186968839
0.145	0.14064166666666666	2.5863601469323383	0.8633333333333333	87	stCNASim-rs_N	15:30938987	87	28	0.3218390804597701
0.16333333333333333	0.15332222222222222	2.397329485980087	0.845	98	stCNASim-rs_N	15:30939052	98	48	0.4897959183673469
0.05	0.05083333333333333	4.509249743804395	0.9516666666666667	30	stCNASim-rs_N	15:40035497	30	11	0.36666666666666664
0.07833333333333334	0.09553055555555555	3.9457043768524445	0.9316666666666666	47	stCNASim-rs_N	15:40036374	47	14	0.2978723404255319
0.023333333333333334	0.026122222222222224	6.9267302116858165	0.9783333333333334	14	stCNASim-rs_N	15:40038363	14	9	0.6428571428571429
0.03833333333333333	0.03686388888888889	5.008688090792904	0.9616666666666667	23	stCNASim-rs_N	15:40418524	23	17	0.7391304347826086
0.058333333333333334	0.06493055555555555	4.368252807203182	0.9466666666666667	35	stCNASim-rs_N	15:40814287	35	21	0.6
0.03	0.0291	5.686240684123191	0.97	18	stCNASim-rs_N	15:41503702	18	6	0.3333333333333333
0.023333333333333334	0.02278888888888889	6.469709614686531	0.9766666666666667	14	stCNASim-rs_N	15:44712948	14	5	0.35714285714285715
1.9116666666666666	3.3105305555555553	0.9517801275232802	0.2	1147	stCNASim-rs_N	15:44717814	1147	528	0.46033129904097647
0.06166666666666667	0.06453055555555556	4.119383523901088	0.9416666666666667	37	stCNASim-rs_N	15:45167366	37	17	0.4594594594594595
1.835	2.457775	0.8543483648491437	0.21333333333333335	1101	stCNASim-rs_N	15:45361394	1101	512	0.46503178928247046
0.36833333333333335	0.3993305555555555	1.7156363835402397	0.7	221	stCNASim-rs_N	15:45361509	221	108	0.48868778280542985
0.02	0.022933333333333326	7.5718777565409745	0.9816666666666667	12	stCNASim-rs_N	15:55359172	12	7	0.5833333333333334
0.085	0.07777500000000002	3.2809611178775384	0.915	51	stCNASim-rs_N	15:57550469	51	27	0.5294117647058824
1.925	3.349375	0.9507167671293755	0.23333333333333334	1155	stCNASim-rs_N	15:58185868	1155	499	0.43203463203463205
0.09166666666666666	0.09993055555555555	3.4485594032180553	0.915	55	stCNASim-rs_N	15:63071702	55	24	0.43636363636363634
0.051666666666666666	0.06566388888888888	4.9596708532339635	0.955	31	stCNASim-rs_N	15:63153565	31	4	0.12903225806451613
0.09	0.1019	3.546864373728455	0.92	54	stCNASim-rs_N	15:63157481	54	15	0.2777777777777778
0.09	0.09856666666666666	3.4883698560780196	0.9183333333333333	54	stCNASim-rs_N	15:73714350	54	28	0.5185185185185185
0.03833333333333333	0.043530555555555545	5.442776715148325	0.965	23	stCNASim-rs_N	15:73983335	23	17	0.7391304347826086
0.041666666666666664	0.03993055555555557	4.795831511802725	0.9583333333333334	25	stCNASim-rs_N	15:75658392	25	15	0.6
0.10333333333333333	0.10265555555555557	3.100636029901792	0.9016666666666666	62	stCNASim-rs_N	15:78548878	62	23	0.3709677419354839
0.056666666666666664	0.05345555555555556	4.080080730178643	0.9433333333333334	34	stCNASim-rs_N	15:79899001	34	24	0.7058823529411765
0.04	0.041733333333333344	5.107184469246893	0.9616666666666667	24	stCNASim-rs_N	15:79924758	24	11	0.4583333333333333
0.13333333333333333	0.14222222222222225	2.82842712262487	0.8783333333333333	80	stCNASim-rs_N	15:80180219	80	46	0.575
0.7683333333333333	0.8946638888888888	1.2310630013558241	0.505	461	stCNASim-rs_N	15:80186303	461	212	0.4598698481561822
0.03	0.032433333333333335	6.003085606318647	0.9716666666666667	18	stCNASim-rs_N	15:84895760	18	0	0.0
0.11666666666666667	0.12305555555555554	3.0067950231154885	0.8933333333333333	70	stCNASim-rs_N	15:90229599	70	35	0.5
1.6166666666666667	2.466388888888889	0.9714272763443498	0.25666666666666665	970	stCNASim-rs_N	15:90883330	970	506	0.5216494845360825
0.055	0.055308333333333334	4.2759497763640155	0.9466666666666667	33	stCNASim-rs_N	15:90931006	33	17	0.5151515151515151
0.16166666666666665	0.17219722222222222	2.566803285721279	0.855	97	stCNASim-rs_N	15:90954009	97	49	0.5051546391752577
0.03666666666666667	0.041988888888888895	5.588506489959958	0.9666666666666667	22	stCNASim-rs_N	15:97973522	22	9	0.4090909090909091
0.018333333333333333	0.01799722222222222	7.317475928304944	0.9816666666666667	11	stCNASim-rs_N	15:99716413	11	5	0.45454545454545453
0.018333333333333333	0.021330555555555557	7.966354826709253	0.9833333333333333	11	stCNASim-rs_N	15:100547844	11	8	0.7272727272727273
0.10166666666666667	0.12466388888888891	3.4728957776512233	0.9116666666666666	61	stCNASim-rs_N	16:554554	61	31	0.5081967213114754
0.10666666666666667	0.14528888888888888	3.5734480863805937	0.915	64	stCNASim-rs_N	16:717430	64	30	0.46875
0.06666666666666667	0.08888888888888889	4.472135948291376	0.9433333333333334	40	stCNASim-rs_N	16:1228424	40	24	0.6
0.495	0.5333083333333333	1.475312377095316	0.6266666666666667	297	stCNASim-rs_N	16:1809149	297	90	0.30303030303030304
0.525	0.589375	1.4623002409389987	0.6116666666666667	315	stCNASim-rs_N	16:1809152	315	98	0.3111111111111111
0.05	0.05083333333333332	4.509249743804394	0.9516666666666667	30	stCNASim-rs_N	16:1978401	30	8	0.26666666666666666
0.04	0.038400000000000004	4.898979473318907	0.96	24	stCNASim-rs_N	16:1986047	24	10	0.4166666666666667
0.075	0.07604166666666667	3.676753796825284	0.9283333333333333	45	stCNASim-rs_N	16:1997810	45	20	0.4444444444444444
0.085	0.09777500000000003	3.6787051989084816	0.925	51	stCNASim-rs_N	16:2253352	51	24	0.47058823529411764
0.07166666666666667	0.08319722222222221	4.0247342300732765	0.9366666666666666	43	stCNASim-rs_N	16:2253370	43	16	0.37209302325581395
0.04666666666666667	0.04782222222222221	4.686062694774643	0.955	28	stCNASim-rs_N	16:4510300	28	4	0.14285714285714285
0.016666666666666666	0.01638888888888889	7.681145701781734	0.9833333333333333	10	stCNASim-rs_N	16:4510928	10	6	0.6
0.075	0.08270833333333336	3.8345408674955905	0.9316666666666666	45	stCNASim-rs_N	16:4797168	45	23	0.5111111111111111
0.02666666666666667	0.025955555555555558	6.041522964141575	0.9733333333333334	16	stCNASim-rs_N	16:4797316	16	4	0.25
0.043333333333333335	0.04478888888888889	4.883858197760319	0.9583333333333334	26	stCNASim-rs_N	16:8853179	26	15	0.5769230769230769
0.03	0.0291	5.686240684123191	0.97	18	stCNASim-rs_N	16:8853271	18	12	0.6666666666666666
0.03333333333333333	0.032222222222222215	5.385164790979009	0.9666666666666667	20	stCNASim-rs_N	16:10483438	20	4	0.2
0.025	0.024374999999999997	6.244997973418406	0.975	15	stCNASim-rs_N	16:11548386	15	9	0.6
0.03166666666666667	0.037330555555555554	6.101405295445107	0.9716666666666667	19	stCNASim-rs_N	16:15038117	19	11	0.5789473684210527
0.6083333333333333	0.7349305555555555	1.4092288899518228	0.565	365	stCNASim-rs_N	16:20486757	365	101	0.27671232876712326
0.02666666666666667	0.025955555555555558	6.041522964141575	0.9733333333333334	16	stCNASim-rs_N	16:23669844	16	2	0.125
0.06	0.05973333333333334	4.073400610949524	0.9416666666666667	36	stCNASim-rs_N	16:27221459	36	20	0.5555555555555556
0.145	0.14064166666666666	2.5863601469323383	0.8633333333333333	87	stCNASim-rs_N	16:27221697	87	44	0.5057471264367817
0.20166666666666666	0.2276638888888889	2.365990273284093	0.8266666666666667	121	stCNASim-rs_N	16:27225082	121	62	0.512396694214876
0.043333333333333335	0.044788888888888885	4.883858197760319	0.9583333333333334	26	stCNASim-rs_N	16:27364466	26	16	0.6153846153846154
0.05333333333333334	0.05048888888888888	4.213074878688663	0.9466666666666667	32	stCNASim-rs_N	16:28499524	32	22	0.6875
0.08166666666666667	0.08166388888888888	3.4992115449154153	0.9216666666666666	49	stCNASim-rs_N	16:28592014	49	27	0.5510204081632653
0.06666666666666667	0.06222222222222223	3.7416573811614557	0.9333333333333333	40	stCNASim-rs_N	16:28592021	40	18	0.45
0.06666666666666667	0.0688888888888889	3.9370039311004	0.9366666666666666	40	stCNASim-rs_N	16:28592334	40	25	0.625
0.7083333333333334	0.8499305555555554	1.3015295764123167	0.52	425	stCNASim-rs_N	16:28605736	425	205	0.4823529411764706
0.285	0.283775	1.8691416114930488	0.75	171	stCNASim-rs_N	16:28605807	171	84	0.49122807017543857
0.04	0.038400000000000004	4.898979473318907	0.96	24	stCNASim-rs_N	16:31382858	24	8	0.3333333333333333
0.30833333333333335	0.3299305555555555	1.862905354562376	0.7416666666666667	185	stCNASim-rs_N	16:56361585	185	79	0.42702702702702705
0.023333333333333334	0.022788888888888893	6.469709614686531	0.9766666666666667	14	stCNASim-rs_N	16:56477333	14	9	0.6428571428571429
0.075	0.08270833333333333	3.8345408674955896	0.9316666666666666	45	stCNASim-rs_N	16:56639916	45	41	0.9111111111111111
11.59	46.0819	0.5857088046684051	0.005	6954	stCNASim-rs_N	16:56666810	6954	3328	0.47857348288754675
0.035	0.033775	5.250850256280172	0.965	21	stCNASim-rs_N	16:56666995	21	10	0.47619047619047616
0.02666666666666667	0.02928888888888889	6.417748802430158	0.975	16	stCNASim-rs_N	16:57083493	16	6	0.375
0.021666666666666667	0.021197222222222218	6.719661132604933	0.9783333333333334	13	stCNASim-rs_N	16:57689327	13	6	0.46153846153846156
0.03833333333333333	0.03686388888888889	5.008688090792904	0.9616666666666667	23	stCNASim-rs_N	16:57758221	23	6	0.2608695652173913
0.25833333333333336	0.29826388888888894	2.1140725640604807	0.7883333333333333	155	stCNASim-rs_N	16:58707463	155	45	0.2903225806451613
0.03333333333333333	0.032222222222222215	5.385164790979009	0.9666666666666667	20	stCNASim-rs_N	16:67148096	20	9	0.45
0.02666666666666667	0.02928888888888889	6.417748802430158	0.975	16	stCNASim-rs_N	16:69941457	16	10	0.625
0.023333333333333334	0.026122222222222227	6.926730211685817	0.9783333333333334	14	stCNASim-rs_N	16:72024982	14	8	0.5714285714285714
0.04	0.03840000000000001	4.898979473318908	0.96	24	stCNASim-rs_N	16:72025250	24	10	0.4166666666666667
0.018333333333333333	0.01799722222222222	7.317475928304944	0.9816666666666667	11	stCNASim-rs_N	16:72112542	11	5	0.45454545454545453
0.06166666666666667	0.06786388888888889	4.224437577009328	0.9433333333333334	37	stCNASim-rs_N	16:72112671	37	21	0.5675675675675675
0.06333333333333334	0.07598888888888888	4.352539290819221	0.9433333333333334	38	stCNASim-rs_N	16:75294018	38	26	0.6842105263157895
0.016666666666666666	0.016388888888888887	7.681145701781733	0.9833333333333333	10	stCNASim-rs_N	16:81082228	10	2	0.2
0.018333333333333333	0.01799722222222222	7.317475928304944	0.9816666666666667	11	stCNASim-rs_N	16:81082237	11	2	0.18181818181818182
0.5666666666666667	0.6422222222222222	1.4142135621235281	0.5866666666666667	340	stCNASim-rs_N	16:81082405	340	215	0.6323529411764706
0.03	0.0291	5.686240684123191	0.97	18	stCNASim-rs_N	16:82148193	18	10	0.5555555555555556
0.023333333333333334	0.022788888888888893	6.469709614686531	0.9766666666666667	14	stCNASim-rs_N	16:83915901	14	8	0.5714285714285714
0.04	0.04173333333333333	5.107184469246892	0.9616666666666667	24	stCNASim-rs_N	16:83916160	24	10	0.4166666666666667
0.03166666666666667	0.04399722222222222	6.623846766289235	0.9733333333333334	19	stCNASim-rs_N	16:84178502	19	3	0.15789473684210525
0.19333333333333333	0.18928888888888884	2.250379805595973	0.8233333333333334	116	stCNASim-rs_N	16:88643304	116	31	0.2672413793103448
0.41333333333333333	0.41582222222222226	1.5601035208282006	0.6683333333333333	248	stCNASim-rs_N	16:88643329	248	80	0.3225806451612903
0.49833333333333335	0.5366638888888889	1.4700470966142323	0.62	299	stCNASim-rs_N	16:88643420	299	129	0.431438127090301
0.02	0.019599999999999996	6.999999964999999	0.98	12	stCNASim-rs_N	16:88651945	12	2	0.16666666666666666
0.04833333333333333	0.04599722222222222	4.437302681916048	0.9516666666666667	29	stCNASim-rs_N	16:88813787	29	16	0.5517241379310345
0.04666666666666667	0.04448888888888888	4.5197977101879685	0.9533333333333334	28	stCNASim-rs_N	16:88813828	28	13	0.4642857142857143
0.065	0.060775	3.79270554358693	0.935	39	stCNASim-rs_N	16:89561052	39	8	0.20512820512820512
0.19833333333333333	0.2023305555555555	2.2679580946241136	0.8233333333333334	119	stCNASim-rs_N	16:89561263	119	40	0.33613445378151263
0.33666666666666667	0.39998888888888895	1.8785546960798236	0.735	202	stCNASim-rs_N	16:89563328	202	123	0.6089108910891089
0.2683333333333333	0.2663305555555555	1.923250578284871	0.765	161	stCNASim-rs_N	16:89563372	161	95	0.5900621118012422
0.15333333333333332	0.15315555555555557	2.552288715107494	0.8583333333333333	92	stCNASim-rs_N	16:89563411	92	41	0.44565217391304346
0.03	0.0291	5.686240684123191	0.97	18	stCNASim-rs_N	17:28394876	18	9	0.5
0.03333333333333333	0.03888888888888888	5.916079765351376	0.97	20	stCNASim-rs_N	17:28860771	20	10	0.5
0.03666666666666667	0.03532222222222223	5.1256928438428195	0.9633333333333334	22	stCNASim-rs_N	17:29261788	22	15	0.6818181818181818
0.056666666666666664	0.05678888888888891	4.205368122394087	0.945	34	stCNASim-rs_N	17:36105271	34	16	0.47058823529411764
0.09666666666666666	0.09732222222222224	3.227225145932978	0.9083333333333333	58	stCNASim-rs_N	17:38733306	58	30	0.5172413793103449
0.09833333333333333	0.0919972222222222	3.0845129327591287	0.9033333333333333	59	stCNASim-rs_N	17:40019209	59	47	0.7966101694915254
0.03166666666666667	0.030663888888888893	5.5298234307517316	0.9683333333333334	19	stCNASim-rs_N	17:41867214	19	7	0.3684210526315789
0.10333333333333333	0.10265555555555557	3.100636029901792	0.9016666666666666	62	stCNASim-rs_N	17:42313598	62	26	0.41935483870967744
0.021666666666666667	0.021197222222222218	6.719661132604933	0.9783333333333334	13	stCNASim-rs_N	17:45151932	13	13	1.0
0.023333333333333334	0.026122222222222224	6.9267302116858165	0.9783333333333334	14	stCNASim-rs_N	17:46941877	14	4	0.2857142857142857
0.2633333333333333	0.28398888888888896	2.023693969596444	0.7733333333333333	158	stCNASim-rs_N	17:47981705	158	94	0.5949367088607594
0.16666666666666666	0.1688888888888889	2.4657655997081314	0.8483333333333334	100	stCNASim-rs_N	17:49404181	100	43	0.43
0.035	0.033775	5.250850256280172	0.965	21	stCNASim-rs_N	17:49599620	21	11	0.5238095238095238
0.03166666666666667	0.03399722222222222	5.822632297963545	0.97	19	stCNASim-rs_N	17:54961293	19	14	0.7368421052631579
0.03166666666666667	0.04066388888888889	6.367986045939719	0.9716666666666667	19	stCNASim-rs_N	17:54961384	19	10	0.5263157894736842
0.043333333333333335	0.044788888888888885	4.883858197760319	0.9583333333333334	26	stCNASim-rs_N	17:54962122	26	18	0.6923076923076923
0.021666666666666667	0.021197222222222218	6.719661132604933	0.9783333333333334	13	stCNASim-rs_N	17:57006572	13	8	0.6153846153846154
0.03833333333333333	0.04019722222222222	5.230237793915849	0.9633333333333334	23	stCNASim-rs_N	17:64322640	23	13	0.5652173913043478
0.02666666666666667	0.025955555555555555	6.041522964141574	0.9733333333333334	16	stCNASim-rs_N	17:64323215	16	3	0.1875
0.06833333333333333	0.07699722222222219	4.060737553915474	0.9366666666666666	41	stCNASim-rs_N	17:68256954	41	20	0.4878048780487805
0.58	0.6769333333333333	1.4185510069343292	0.585	348	stCNASim-rs_N	17:68532637	348	189	0.5431034482758621
0.041666666666666664	0.046597222222222234	5.180733526361688	0.9616666666666667	25	stCNASim-rs_N	17:68974804	25	12	0.48
0.028333333333333332	0.027530555555555558	5.856117946642016	0.9716666666666667	17	stCNASim-rs_N	17:74450469	17	11	0.6470588235294118
0.105	0.11064166666666665	3.1678897237947408	0.9016666666666666	63	stCNASim-rs_N	17:74451561	63	25	0.3968253968253968
0.051666666666666666	0.04899722222222221	4.284254735496762	0.9483333333333334	31	stCNASim-rs_N	17:74451611	31	17	0.5483870967741935
0.041666666666666664	0.03993055555555557	4.795831511802725	0.9583333333333334	25	stCNASim-rs_N	17:74451622	25	13	0.52
0.225	0.23104166666666667	2.1363019459275305	0.8	135	stCNASim-rs_N	17:74769076	135	73	0.5407407407407407
0.14666666666666667	0.17515555555555556	2.853517473639785	0.875	88	stCNASim-rs_N	17:74862678	88	54	0.6136363636363636
0.023333333333333334	0.022788888888888893	6.469709614686531	0.9766666666666667	14	stCNASim-rs_N	17:75776775	14	7	0.5
0.023333333333333334	0.022788888888888893	6.469709614686531	0.9766666666666667	14	stCNASim-rs_N	17:75825549	14	7	0.5
0.023333333333333334	0.022788888888888893	6.469709614686531	0.9766666666666667	14	stCNASim-rs_N	17:76039462	14	4	0.2857142857142857
0.021666666666666667	0.021197222222222218	6.719661132604933	0.9783333333333334	13	stCNASim-rs_N	17:76081416	13	8	0.6153846153846154
0.028333333333333332	0.03419722222222223	6.52676149527918	0.975	17	stCNASim-rs_N	17:76270929	17	3	0.17647058823529413
0.03	0.0291	5.686240684123191	0.97	18	stCNASim-rs_N	17:76470935	18	10	0.5555555555555556
0.13	0.11976666666666666	2.6621016131919504	0.8733333333333333	78	stCNASim-rs_N	17:77500378	78	33	0.4230769230769231
0.14833333333333334	0.15633055555555556	2.6655275712685005	0.865	89	stCNASim-rs_N	17:78207571	89	36	0.4044943820224719
0.10666666666666667	0.10862222222222224	3.08980177068038	0.9	64	stCNASim-rs_N	17:80999968	64	25	0.390625
0.12833333333333333	0.12519722222222224	2.7571339849053587	0.8783333333333333	77	stCNASim-rs_N	17:81681336	77	23	0.2987012987012987
0.07166666666666667	0.06653055555555556	3.5990954885837296	0.9283333333333333	43	stCNASim-rs_N	17:81681497	43	11	0.2558139534883721
0.06833333333333333	0.07366388888888889	3.9718671537104844	0.9366666666666666	41	stCNASim-rs_N	17:81720657	41	28	0.6829268292682927
0.16833333333333333	0.18666388888888885	2.566610881022451	0.855	101	stCNASim-rs_N	17:81720823	101	98	0.9702970297029703
0.27	0.30376666666666663	2.0412974519323464	0.7766666666666666	162	stCNASim-rs_N	17:81720863	162	44	0.2716049382716049
2.8733333333333335	4.160622222222222	0.7098933878542579	0.09	1724	stCNASim-rs_N	17:81843412	1724	873	0.5063805104408353
0.5166666666666667	0.5463888888888888	1.430673345628688	0.605	310	stCNASim-rs_N	17:82101611	310	127	0.4096774193548387
0.19333333333333333	0.1926222222222222	2.2701076664992943	0.825	116	stCNASim-rs_N	17:82101720	116	49	0.4224137931034483
0.03666666666666667	0.03532222222222223	5.1256928438428195	0.9633333333333334	22	stCNASim-rs_N	17:82321536	22	13	0.5909090909090909
0.03666666666666667	0.03532222222222223	5.1256928438428195	0.9633333333333334	22	stCNASim-rs_N	17:82321552	22	13	0.5909090909090909
0.17166666666666666	0.19219722222222227	2.5538040933652315	0.845	103	stCNASim-rs_N	17:82614752	103	51	0.49514563106796117
0.035	0.033775	5.250850256280172	0.965	21	stCNASim-rs_N	17:82657414	21	7	0.3333333333333333
0.025	0.027708333333333335	6.65832809184608	0.9766666666666667	15	stCNASim-rs_N	17:82727779	15	8	0.5333333333333333
0.03	0.03576666666666666	6.30402573565515	0.9733333333333334	18	stCNASim-rs_N	17:82727784	18	9	0.5
0.08166666666666667	0.09166388888888886	3.707270787615276	0.925	49	stCNASim-rs_N	17:82941405	49	21	0.42857142857142855
0.02666666666666667	0.025955555555555558	6.041522964141575	0.9733333333333334	16	stCNASim-rs_N	18:3066946	16	6	0.375
0.38	0.4322666666666667	1.7301839414308826	0.705	228	stCNASim-rs_N	18:3256114	228	101	0.44298245614035087
0.02666666666666667	0.02928888888888889	6.417748802430158	0.975	16	stCNASim-rs_N	18:5239337	16	5	0.3125
0.04	0.038400000000000004	4.898979473318907	0.96	24	stCNASim-rs_N	18:5246399	24	21	0.875
0.1	0.11666666666666667	3.4156502519042156	0.9116666666666666	60	stCNASim-rs_N	18:9255720	60	31	0.5166666666666667
0.06	0.0664	4.29469956841721	0.945	36	stCNASim-rs_N	18:9255984	36	12	0.3333333333333333
0.03	0.0291	5.686240684123191	0.97	18	stCNASim-rs_N	18:24453297	18	10	0.5555555555555556
0.135	0.1534416666666667	2.9016022860784854	0.8816666666666667	81	stCNASim-rs_N	18:27951104	81	40	0.49382716049382713
0.03333333333333333	0.03555555555555555	5.656854232521816	0.9683333333333334	20	stCNASim-rs_N	18:31548609	20	15	0.75
0.025	0.024374999999999997	6.244997973418406	0.975	15	stCNASim-rs_N	18:35468437	15	5	0.3333333333333333
0.035	0.033775	5.250850256280172	0.965	21	stCNASim-rs_N	18:45983711	21	8	0.38095238095238093
0.08833333333333333	0.08719722222222223	3.3429255561697118	0.915	53	stCNASim-rs_N	18:54154874	53	23	0.4339622641509434
0.06	0.05973333333333334	4.073400610949524	0.9416666666666667	36	stCNASim-rs_N	18:57483039	36	12	0.3333333333333333
0.03333333333333333	0.032222222222222215	5.385164790979009	0.9666666666666667	20	stCNASim-rs_N	18:58449913	20	10	0.5
0.26	0.30573333333333336	2.126659926335281	0.7866666666666666	156	stCNASim-rs_N	18:58451261	156	66	0.4230769230769231
0.20666666666666667	0.20395555555555558	2.185230909192946	0.8133333333333334	124	stCNASim-rs_N	18:58451767	124	63	0.5080645161290323
0.125	0.14270833333333333	3.0221405193537905	0.89	75	stCNASim-rs_N	18:74584901	75	35	0.4666666666666667
0.02	0.019599999999999996	6.999999964999999	0.98	12	stCNASim-rs_N	18:79364141	12	2	0.16666666666666666
0.07666666666666666	0.07745555555555556	3.63010932720189	0.9266666666666666	46	stCNASim-rs_N	18:79970600	46	20	0.43478260869565216
0.041666666666666664	0.04659722222222224	5.1807335263616885	0.9616666666666667	25	stCNASim-rs_N	18:79970807	25	13	0.52
0.255	0.259975	1.9995193570710377	0.7783333333333333	153	stCNASim-rs_N	19:416834	153	57	0.37254901960784315
0.07166666666666667	0.06653055555555556	3.5990954885837296	0.9283333333333333	43	stCNASim-rs_N	19:416963	43	28	0.6511627906976745
0.03833333333333333	0.03686388888888889	5.008688090792904	0.9616666666666667	23	stCNASim-rs_N	19:541685	23	14	0.6086956521739131
0.02666666666666667	0.025955555555555558	6.041522964141575	0.9733333333333334	16	stCNASim-rs_N	19:549725	16	4	0.25
0.02666666666666667	0.025955555555555558	6.041522964141575	0.9733333333333334	16	stCNASim-rs_N	19:549728	16	4	0.25
0.48333333333333334	0.506388888888889	1.4722966921236071	0.63	290	stCNASim-rs_N	19:583418	290	128	0.4413793103448276
0.09	0.09856666666666666	3.4883698560780196	0.9183333333333333	54	stCNASim-rs_N	19:683221	54	23	0.42592592592592593
0.02	0.019599999999999992	6.999999964999999	0.98	12	stCNASim-rs_N	19:994557	12	1	0.08333333333333333
0.31833333333333336	0.33366388888888887	1.8145648196256379	0.7333333333333333	191	stCNASim-rs_N	19:1009884	191	85	0.44502617801047123
0.42833333333333334	0.4448638888888889	1.557154495697935	0.66	257	stCNASim-rs_N	19:1088286	257	134	0.5214007782101168
0.041666666666666664	0.039930555555555566	4.795831511802724	0.9583333333333334	25	stCNASim-rs_N	19:1244519	25	15	0.6
0.07166666666666667	0.07653055555555556	3.8601148568419075	0.9333333333333333	43	stCNASim-rs_N	19:1852495	43	16	0.37209302325581395
0.10166666666666667	0.10466388888888889	3.1821441461385622	0.905	61	stCNASim-rs_N	19:1852583	61	22	0.36065573770491804
0.03666666666666667	0.041988888888888895	5.588506489959958	0.9666666666666667	22	stCNASim-rs_N	19:1925943	22	8	0.36363636363636365
0.03666666666666667	0.03865555555555556	5.362095295579241	0.965	22	stCNASim-rs_N	19:1925971	22	13	0.5909090909090909
0.04	0.04173333333333333	5.107184469246892	0.9616666666666667	24	stCNASim-rs_N	19:2233483	24	5	0.20833333333333334
0.04	0.04173333333333334	5.107184469246893	0.9616666666666667	24	stCNASim-rs_N	19:3053576	24	5	0.20833333333333334
0.04666666666666667	0.05115555555555555	4.846627262096476	0.9566666666666667	28	stCNASim-rs_N	19:3209269	28	23	0.8214285714285714
0.03833333333333333	0.04019722222222222	5.230237793915849	0.9633333333333334	23	stCNASim-rs_N	19:3750692	23	14	0.6086956521739131
0.7633333333333333	0.953988888888889	1.2795504991751754	0.5066666666666667	458	stCNASim-rs_N	19:3976323	458	200	0.4366812227074236
0.28833333333333333	0.28519722222222216	1.8521569803687268	0.7483333333333333	173	stCNASim-rs_N	19:4445076	173	84	0.48554913294797686
0.255	0.269975	2.037612491171773	0.7816666666666666	153	stCNASim-rs_N	19:4445159	153	60	0.39215686274509803
0.03166666666666667	0.03399722222222223	5.822632297963545	0.97	19	stCNASim-rs_N	19:4816148	19	14	0.7368421052631579
37.53333333333333	323.05555555555554	0.4788742349736055	0.0	22520	stCNASim-rs_N	19:6677978	22520	11360	0.5044404973357016
0.04833333333333333	0.052663888888888885	4.747989113314535	0.955	29	stCNASim-rs_N	19:7647391	29	20	0.6896551724137931
0.07333333333333333	0.06795555555555556	3.554766321701165	0.9266666666666666	44	stCNASim-rs_N	19:7769388	44	16	0.36363636363636365
0.028333333333333332	0.02753055555555556	5.856117946642017	0.9716666666666667	17	stCNASim-rs_N	19:7864804	17	13	0.7647058823529411
0.051666666666666666	0.04899722222222221	4.284254735496762	0.9483333333333334	31	stCNASim-rs_N	19:7913545	31	14	0.45161290322580644
0.058333333333333334	0.05826388888888888	4.137928095180762	0.9433333333333334	35	stCNASim-rs_N	19:8374583	35	21	0.6
0.105	0.11730833333333332	3.2619337240269877	0.905	63	stCNASim-rs_N	19:8521202	63	26	0.4126984126984127
0.105	0.14730833333333332	3.655311211119471	0.915	63	stCNASim-rs_N	19:10259768	63	29	0.4603174603174603
0.10833333333333334	0.11659722222222219	3.151969419944009	0.9016666666666666	65	stCNASim-rs_N	19:10286547	65	28	0.4307692307692308
0.051666666666666666	0.05233055555555555	4.427588271890786	0.95	31	stCNASim-rs_N	19:11132484	31	18	0.5806451612903226
0.028333333333333332	0.027530555555555558	5.856117946642016	0.9716666666666667	17	stCNASim-rs_N	19:11132652	17	6	0.35294117647058826
0.07166666666666667	0.07319722222222223	3.7751142036573766	0.9316666666666666	43	stCNASim-rs_N	19:11553253	43	26	0.6046511627906976
0.018333333333333333	0.017997222222222223	7.317475928304944	0.9816666666666667	11	stCNASim-rs_N	19:13774210	11	7	0.6363636363636364
0.12833333333333333	0.14519722222222223	2.9692015516576933	0.8833333333333333	77	stCNASim-rs_N	19:14471656	77	36	0.4675324675324675
0.12	0.12893333333333332	2.99227399961649	0.8916666666666667	72	stCNASim-rs_N	19:15659890	72	14	0.19444444444444445
0.19666666666666666	0.20465555555555556	2.300281634785252	0.8266666666666667	118	stCNASim-rs_N	19:15659974	118	49	0.4152542372881356
0.03	0.0291	5.686240684123191	0.97	18	stCNASim-rs_N	19:15660998	18	7	0.3888888888888889
0.03	0.0291	5.686240684123191	0.97	18	stCNASim-rs_N	19:15661001	18	7	0.3888888888888889
0.02666666666666667	0.02928888888888889	6.417748802430158	0.975	16	stCNASim-rs_N	19:15661161	16	5	0.3125
0.02666666666666667	0.02928888888888889	6.417748802430158	0.975	16	stCNASim-rs_N	19:15661168	16	5	0.3125
0.02666666666666667	0.025955555555555558	6.041522964141575	0.9733333333333334	16	stCNASim-rs_N	19:15661423	16	14	0.875
0.07666666666666666	0.08412222222222221	3.7831084078340274	0.93	46	stCNASim-rs_N	19:15661567	46	26	0.5652173913043478
0.065	0.06410833333333334	3.8953266837373164	0.9366666666666666	39	stCNASim-rs_N	19:15661907	39	17	0.4358974358974359
0.07666666666666666	0.07412222222222221	3.551138687582474	0.925	46	stCNASim-rs_N	19:15661928	46	25	0.5434782608695652
0.21833333333333332	0.2239972222222223	2.1677104482078597	0.8066666666666666	131	stCNASim-rs_N	19:15662529	131	67	0.5114503816793893
0.051666666666666666	0.05233055555555555	4.427588271890786	0.95	31	stCNASim-rs_N	19:15912508	31	3	0.0967741935483871
0.04666666666666667	0.04782222222222221	4.686062694774643	0.955	28	stCNASim-rs_N	19:15912567	28	20	0.7142857142857143
0.04666666666666667	0.04782222222222221	4.686062694774643	0.955	28	stCNASim-rs_N	19:15912568	28	8	0.2857142857142857
0.05	0.054166666666666655	4.654746671946819	0.9533333333333334	30	stCNASim-rs_N	19:16235011	30	21	0.7
0.14333333333333334	0.14612222222222224	2.66692580130467	0.8683333333333333	86	stCNASim-rs_N	19:16518039	86	37	0.43023255813953487
1.4583333333333333	2.0015972222222227	0.9701335905659574	0.29	875	stCNASim-rs_N	19:17403117	875	435	0.49714285714285716
0.06333333333333334	0.06598888888888887	4.056047767686444	0.94	38	stCNASim-rs_N	19:18013946	38	19	0.5
0.021666666666666667	0.021197222222222218	6.719661132604933	0.9783333333333334	13	stCNASim-rs_N	19:18196658	13	4	0.3076923076923077
0.13666666666666666	0.14465555555555554	2.7829471345476495	0.875	82	stCNASim-rs_N	19:18388974	82	35	0.4268292682926829
0.13	0.12976666666666667	2.771010821772484	0.8783333333333333	78	stCNASim-rs_N	19:18389005	78	35	0.44871794871794873
0.14666666666666667	0.15182222222222222	2.65666167022545	0.8666666666666667	88	stCNASim-rs_N	19:18389048	88	41	0.4659090909090909
0.025	0.024374999999999997	6.244997973418406	0.975	15	stCNASim-rs_N	19:18391268	15	7	0.4666666666666667
4.6866666666666665	9.835155555555556	0.6691547276458403	0.03833333333333333	2812	stCNASim-rs_N	19:18575154	2812	1308	0.465149359886202
0.3433333333333333	0.3754555555555556	1.7846920840017353	0.7283333333333334	206	stCNASim-rs_N	19:18592267	206	85	0.41262135922330095
0.03833333333333333	0.03686388888888889	5.008688090792904	0.9616666666666667	23	stCNASim-rs_N	19:19176993	23	15	0.6521739130434783
0.025	0.024374999999999994	6.244997973418404	0.975	15	stCNASim-rs_N	19:19177092	15	11	0.7333333333333333
0.05333333333333334	0.053822222222222216	4.349928152170213	0.9483333333333334	32	stCNASim-rs_N	19:19358487	32	17	0.53125
0.03666666666666667	0.035322222222222234	5.12569284384282	0.9633333333333334	22	stCNASim-rs_N	19:29615752	22	11	0.5
0.03	0.032433333333333335	6.003085606318647	0.9716666666666667	18	stCNASim-rs_N	19:32978621	18	8	0.4444444444444444
0.145	0.143975	2.616830187147589	0.865	87	stCNASim-rs_N	19:35169767	87	38	0.4367816091954023
0.03666666666666667	0.03865555555555556	5.362095295579241	0.965	22	stCNASim-rs_N	19:35279389	22	12	0.5454545454545454
0.22166666666666668	0.2458638888888889	2.2369021274583045	0.8116666666666666	133	stCNASim-rs_N	19:35279568	133	66	0.49624060150375937
0.06666666666666667	0.08888888888888889	4.472135948291376	0.945	40	stCNASim-rs_N	19:38328823	40	14	0.35
0.08166666666666667	0.08166388888888887	3.4992115449154144	0.9216666666666666	49	stCNASim-rs_N	19:38730543	49	24	0.4897959183673469
0.17833333333333334	0.18986388888888886	2.4433667438444138	0.84	107	stCNASim-rs_N	19:38878729	107	46	0.42990654205607476
0.03166666666666667	0.030663888888888893	5.5298234307517316	0.9683333333333334	19	stCNASim-rs_N	19:39397750	19	11	0.5789473684210527
0.075	0.07604166666666667	3.676753796825284	0.9283333333333333	45	stCNASim-rs_N	19:39400521	45	15	0.3333333333333333
0.016666666666666666	0.01638888888888889	7.681145701781734	0.9833333333333333	10	stCNASim-rs_N	19:39539030	10	7	0.7
0.04833333333333333	0.06266388888888888	5.179190951680999	0.9583333333333334	29	stCNASim-rs_N	19:40440938	29	12	0.41379310344827586
0.03666666666666667	0.035322222222222234	5.12569284384282	0.9633333333333334	22	stCNASim-rs_N	19:40441073	22	13	0.5909090909090909
0.04	0.03840000000000001	4.898979473318908	0.96	24	stCNASim-rs_N	19:40591370	24	11	0.4583333333333333
0.05333333333333334	0.05715555555555555	4.482605260855391	0.95	32	stCNASim-rs_N	19:40629570	32	13	0.40625
1.425	2.054375	1.0058309531381286	0.3	855	stCNASim-rs_N	19:41018248	855	367	0.42923976608187137
0.03166666666666667	0.03399722222222223	5.822632297963545	0.97	19	stCNASim-rs_N	19:43731365	19	6	0.3157894736842105
0.035	0.043775	5.977850255179763	0.9683333333333334	21	stCNASim-rs_N	19:43731383	21	4	0.19047619047619047
0.04666666666666667	0.04448888888888888	4.5197977101879685	0.9533333333333334	28	stCNASim-rs_N	19:44888997	28	15	0.5357142857142857
0.07	0.0751	3.914911310420047	0.935	42	stCNASim-rs_N	19:44903416	42	23	0.5476190476190477
0.03333333333333333	0.032222222222222215	5.385164790979009	0.9666666666666667	20	stCNASim-rs_N	19:44908684	20	14	0.7
0.105	0.12397499999999999	3.353341309465057	0.9066666666666666	63	stCNASim-rs_N	19:44949078	63	26	0.4126984126984127
0.023333333333333334	0.022788888888888893	6.469709614686531	0.9766666666666667	14	stCNASim-rs_N	19:45407414	14	6	0.42857142857142855
0.03333333333333333	0.032222222222222215	5.385164790979009	0.9666666666666667	20	stCNASim-rs_N	19:45549196	20	10	0.5
0.07333333333333333	0.07795555555555556	3.807343920512154	0.9316666666666666	44	stCNASim-rs_N	19:46390553	44	24	0.5454545454545454
0.07833333333333334	0.07553055555555555	3.508445474445894	0.9233333333333333	47	stCNASim-rs_N	19:47275600	47	19	0.40425531914893614
0.09166666666666666	0.09993055555555556	3.4485594032180553	0.9166666666666666	55	stCNASim-rs_N	19:47871158	55	11	0.2
0.30666666666666664	0.31595555555555555	1.8329323035963343	0.7433333333333333	184	stCNASim-rs_N	19:47871294	184	104	0.5652173913043478
0.3233333333333333	0.3654555555555556	1.8696779424337562	0.735	194	stCNASim-rs_N	19:48382661	194	97	0.5
0.085	0.08110833333333337	3.3505323265017015	0.9166666666666666	51	stCNASim-rs_N	19:49976502	51	25	0.49019607843137253
0.04666666666666667	0.051155555555555544	4.846627262096476	0.9566666666666667	28	stCNASim-rs_N	19:49976742	28	17	0.6071428571428571
0.03666666666666667	0.03865555555555557	5.362095295579242	0.965	22	stCNASim-rs_N	19:50482835	22	18	0.8181818181818182
0.105	0.12064166666666665	3.307953261286304	0.9083333333333333	63	stCNASim-rs_N	19:51371696	63	31	0.49206349206349204
0.07166666666666667	0.06986388888888889	3.6881550663305513	0.93	43	stCNASim-rs_N	19:54106385	43	12	0.27906976744186046
0.09666666666666666	0.10065555555555557	3.2820268637584187	0.91	58	stCNASim-rs_N	19:54106439	58	16	0.27586206896551724
0.16333333333333333	0.15998888888888887	2.4488945548474694	0.8466666666666667	98	stCNASim-rs_N	19:55226779	98	38	0.3877551020408163
0.03	0.029099999999999994	5.686240684123191	0.97	18	stCNASim-rs_N	19:55227057	18	8	0.4444444444444444
0.12166666666666667	0.12019722222222223	2.8495455626235815	0.885	73	stCNASim-rs_N	19:55229837	73	35	0.4794520547945205
0.12666666666666668	0.14395555555555556	2.995379634505162	0.8883333333333333	76	stCNASim-rs_N	19:56087463	76	34	0.4473684210526316
0.05333333333333334	0.05048888888888888	4.213074878688663	0.9466666666666667	32	stCNASim-rs_N	2:3189027	32	21	0.65625
1.5316666666666667	2.105663888888889	0.9473932008336433	0.255	919	stCNASim-rs_N	2:3498537	919	347	0.37758433079434167
0.05	0.04749999999999999	4.358898934822874	0.95	30	stCNASim-rs_N	2:3580793	30	21	0.7
0.05333333333333334	0.05715555555555555	4.482605260855391	0.95	32	stCNASim-rs_N	2:10002174	32	11	0.34375
0.045	0.04630833333333334	4.782082460138543	0.9566666666666667	27	stCNASim-rs_N	2:10002203	27	9	0.3333333333333333
0.025	0.024374999999999997	6.244997973418406	0.975	15	stCNASim-rs_N	2:11181754	15	11	0.7333333333333333
0.03666666666666667	0.035322222222222234	5.12569284384282	0.9633333333333334	22	stCNASim-rs_N	2:20586415	22	16	0.7272727272727273
0.04	0.04173333333333334	5.107184469246893	0.9616666666666667	24	stCNASim-rs_N	2:27100517	24	13	0.5416666666666666
0.4533333333333333	0.5378222222222221	1.6177139020054303	0.6616666666666666	272	stCNASim-rs_N	2:31334403	272	136	0.5
0.39666666666666667	0.40598888888888884	1.6063174127062996	0.68	238	stCNASim-rs_N	2:31334442	238	118	0.4957983193277311
0.365	0.33844166666666664	1.5938558763450739	0.6833333333333333	219	stCNASim-rs_N	2:31334481	219	112	0.5114155251141552
0.03166666666666667	0.03066388888888889	5.5298234307517316	0.9683333333333334	19	stCNASim-rs_N	2:31335440	19	7	0.3684210526315789
0.056666666666666664	0.06012222222222223	4.327029388035357	0.9466666666666667	34	stCNASim-rs_N	2:39249341	34	19	0.5588235294117647
0.16666666666666666	0.1988888888888889	2.67581763044644	0.8583333333333333	100	stCNASim-rs_N	2:42767344	100	33	0.33
0.07333333333333333	0.0712888888888889	3.640906248580726	0.9283333333333333	44	stCNASim-rs_N	2:44318877	44	25	0.5681818181818182
0.145	0.15064166666666665	2.6767299202237287	0.8666666666666667	87	stCNASim-rs_N	2:44320770	87	46	0.5287356321839081
0.018333333333333333	0.017997222222222223	7.317475928304944	0.9816666666666667	11	stCNASim-rs_N	2:46624894	11	5	0.45454545454545453
0.023333333333333334	0.026122222222222227	6.926730211685817	0.9783333333333334	14	stCNASim-rs_N	2:53971158	14	3	0.21428571428571427
0.035	0.033775	5.250850256280172	0.965	21	stCNASim-rs_N	2:55548588	21	15	0.7142857142857143
0.016666666666666666	0.016388888888888887	7.681145701781733	0.9833333333333333	10	stCNASim-rs_N	2:69643169	10	5	0.5
0.08666666666666667	0.10582222222222222	3.7534993491323787	0.925	52	stCNASim-rs_N	2:73729997	52	32	0.6153846153846154
0.12333333333333334	0.1247888888888889	2.864227361730232	0.885	74	stCNASim-rs_N	2:73958749	74	32	0.43243243243243246
0.17666666666666667	0.20878888888888888	2.5864201580852897	0.85	106	stCNASim-rs_N	2:74969604	106	57	0.5377358490566038
0.043333333333333335	0.04478888888888888	4.883858197760318	0.9583333333333334	26	stCNASim-rs_N	2:87756945	26	6	0.23076923076923078
0.07166666666666667	0.07319722222222223	3.7751142036573766	0.9316666666666666	43	stCNASim-rs_N	2:88027302	43	15	0.3488372093023256
0.40166666666666667	1.8569972222222217	3.3926560654207254	0.84	241	stCNASim-rs_N	2:88857435	241	89	0.36929460580912865
0.03666666666666667	0.03865555555555557	5.362095295579242	0.965	22	stCNASim-rs_N	2:97739787	22	12	0.5454545454545454
0.07166666666666667	0.09653055555555555	4.335260482617781	0.94	43	stCNASim-rs_N	2:97756543	43	14	0.32558139534883723
0.06833333333333333	0.06699722222222221	3.787876330691619	0.9333333333333333	41	stCNASim-rs_N	2:99361585	41	13	0.3170731707317073
0.08833333333333333	0.09386388888888889	3.468363858445616	0.9183333333333333	53	stCNASim-rs_N	2:105099808	53	19	0.3584905660377358
0.14	0.1437333333333333	2.7080127996110246	0.8716666666666667	84	stCNASim-rs_N	2:113133835	84	38	0.4523809523809524
0.023333333333333334	0.022788888888888893	6.469709614686531	0.9766666666666667	14	stCNASim-rs_N	2:121338064	14	8	0.5714285714285714
0.03833333333333333	0.046863888888888885	5.647322317790606	0.9666666666666667	23	stCNASim-rs_N	2:128192319	23	7	0.30434782608695654
0.165	0.16444166666666668	2.4576610713984803	0.8466666666666667	99	stCNASim-rs_N	2:130346476	99	40	0.40404040404040403
0.16333333333333333	0.1599888888888889	2.44889455484747	0.8466666666666667	98	stCNASim-rs_N	2:135784989	98	38	0.3877551020408163
0.16333333333333333	0.1599888888888889	2.44889455484747	0.8466666666666667	98	stCNASim-rs_N	2:135784990	98	38	0.3877551020408163
0.075	0.069375	3.5118845796017335	0.925	45	stCNASim-rs_N	2:138014348	45	12	0.26666666666666666
0.04	0.03840000000000001	4.898979473318908	0.96	24	stCNASim-rs_N	2:138016068	24	6	0.25
0.051666666666666666	0.05233055555555555	4.427588271890786	0.95	31	stCNASim-rs_N	2:138016182	31	10	0.3225806451612903
0.028333333333333332	0.02753055555555556	5.856117946642017	0.9716666666666667	17	stCNASim-rs_N	2:138573096	17	16	0.9411764705882353
0.04	0.05173333333333334	5.686240688861725	0.965	24	stCNASim-rs_N	2:159235894	24	5	0.20833333333333334
0.016666666666666666	0.016388888888888894	7.681145701781734	0.9833333333333333	10	stCNASim-rs_N	2:168864871	10	2	0.2
0.025	0.024374999999999997	6.244997973418406	0.975	15	stCNASim-rs_N	2:174434179	15	7	0.4666666666666667
0.04	0.038400000000000004	4.898979473318907	0.96	24	stCNASim-rs_N	2:177220409	24	6	0.25
0.04666666666666667	0.04782222222222221	4.686062694774643	0.955	28	stCNASim-rs_N	2:189770417	28	7	0.25
0.02	0.019599999999999996	6.999999964999999	0.98	12	stCNASim-rs_N	2:189771313	12	2	0.16666666666666666
0.18166666666666667	0.21533055555555558	2.5543334027922002	0.8433333333333334	109	stCNASim-rs_N	2:190204708	109	41	0.3761467889908257
0.18833333333333332	0.19619722222222222	2.3519020671497692	0.8316666666666667	113	stCNASim-rs_N	2:190204750	113	46	0.40707964601769914
0.08666666666666667	0.1024888888888889	3.6939099045202486	0.9233333333333333	52	stCNASim-rs_N	2:190204963	52	24	0.46153846153846156
0.18	0.18760000000000002	2.4062675350751532	0.8383333333333334	108	stCNASim-rs_N	2:191425212	108	75	0.6944444444444444
0.04666666666666667	0.051155555555555544	4.846627262096476	0.9566666666666667	28	stCNASim-rs_N	2:203434060	28	17	0.6071428571428571
0.06333333333333334	0.05932222222222222	3.8457084701660533	0.9366666666666666	38	stCNASim-rs_N	2:206114956	38	21	0.5526315789473685
0.18166666666666667	0.19199722222222224	2.411971794829788	0.8383333333333334	109	stCNASim-rs_N	2:210678677	109	58	0.5321100917431193
0.04666666666666667	0.04782222222222221	4.686062694774643	0.955	28	stCNASim-rs_N	2:216206043	28	11	0.39285714285714285
0.185	0.23744166666666663	2.633945213862026	0.85	111	stCNASim-rs_N	2:217799910	111	57	0.5135135135135135
0.043333333333333335	0.04145555555555555	4.698608621180273	0.9566666666666667	26	stCNASim-rs_N	2:235055489	26	16	0.6153846153846154
0.04833333333333333	0.04599722222222222	4.437302681916048	0.9516666666666667	29	stCNASim-rs_N	2:237324109	29	18	0.6206896551724138
0.03833333333333333	0.03686388888888889	5.008688090792904	0.9616666666666667	23	stCNASim-rs_N	2:237553681	23	13	0.5652173913043478
0.32666666666666666	0.39662222222222226	1.9278964367354676	0.7483333333333333	196	stCNASim-rs_N	2:237574521	196	105	0.5357142857142857
0.14666666666666667	0.1718222222222222	2.826234826565715	0.8733333333333333	88	stCNASim-rs_N	2:237574619	88	47	0.5340909090909091
0.09333333333333334	0.08795555555555555	3.1775680565290663	0.9083333333333333	56	stCNASim-rs_N	2:237574688	56	29	0.5178571428571429
2.59	4.165233333333334	0.787988543826826	0.12333333333333334	1554	stCNASim-rs_N	2:240878862	1554	638	0.41055341055341055
1.23	1.4904333333333333	0.9925471941625517	0.33166666666666667	738	stCNASim-rs_N	2:240879110	738	337	0.45663956639566394
0.07333333333333333	0.07462222222222223	3.7250547673836305	0.93	44	stCNASim-rs_N	2:240880379	44	31	0.7045454545454546
0.041666666666666664	0.04326388888888891	4.991993577758691	0.96	25	stCNASim-rs_N	2:240981558	25	9	0.36
0.018333333333333333	0.017997222222222223	7.317475928304944	0.9816666666666667	11	stCNASim-rs_N	2:240981657	11	5	0.45454545454545453
0.03	0.0291	5.686240684123191	0.97	18	stCNASim-rs_N	2:241095731	18	10	0.5555555555555556
0.13	0.11643333333333336	2.624794533003586	0.8716666666666667	78	stCNASim-rs_N	2:241182976	78	35	0.44871794871794873
0.15666666666666668	0.1587888888888889	2.5435100115202145	0.8566666666666667	94	stCNASim-rs_N	2:241495187	94	64	0.6808510638297872
0.021666666666666667	0.024530555555555552	7.228723081393685	0.98	13	stCNASim-rs_N	2:241495394	13	2	0.15384615384615385
0.041666666666666664	0.03993055555555557	4.795831511802725	0.9583333333333334	25	stCNASim-rs_N	2:241573734	25	9	0.36
0.22333333333333333	0.2301222222222222	2.1479577343330947	0.8033333333333333	134	stCNASim-rs_N	2:241672519	134	71	0.5298507462686567
0.041666666666666664	0.03993055555555557	4.795831511802725	0.9583333333333334	25	stCNASim-rs_N	2:241673674	25	10	0.4
0.045	0.042975000000000006	4.606758310124511	0.955	27	stCNASim-rs_N	2:241673718	27	11	0.4074074074074074
0.021666666666666667	0.021197222222222218	6.719661132604933	0.9783333333333334	13	stCNASim-rs_N	2:241675757	13	9	0.6923076923076923
0.025	0.024374999999999997	6.244997973418406	0.975	15	stCNASim-rs_N	2:241676047	15	9	0.6
0.056666666666666664	0.06012222222222223	4.327029388035357	0.9466666666666667	34	stCNASim-rs_N	2:241768418	34	15	0.4411764705882353
0.29333333333333333	0.3172888888888889	1.920286436312509	0.7533333333333333	176	stCNASim-rs_N	2:241768747	176	69	0.39204545454545453
0.19833333333333333	0.1956638888888889	2.230281229489557	0.8183333333333334	119	stCNASim-rs_N	2:241768770	119	38	0.31932773109243695
0.021666666666666667	0.021197222222222218	6.719661132604933	0.9783333333333334	13	stCNASim-rs_N	20:435505	13	4	0.3076923076923077
0.021666666666666667	0.021197222222222218	6.719661132604933	0.9783333333333334	13	stCNASim-rs_N	20:436312	13	1	0.07692307692307693
0.06666666666666667	0.06555555555555558	3.8405728681734455	0.935	40	stCNASim-rs_N	20:3687178	40	20	0.5
0.016666666666666666	0.019722222222222224	8.42614972261946	0.985	10	stCNASim-rs_N	20:3874335	10	5	0.5
0.03166666666666667	0.03066388888888889	5.5298234307517316	0.9683333333333334	19	stCNASim-rs_N	20:5546530	19	16	0.8421052631578947
0.20833333333333334	0.22826388888888885	2.293294572215084	0.82	125	stCNASim-rs_N	20:7883352	125	63	0.504
0.08333333333333333	0.09638888888888889	3.725587197568727	0.925	50	stCNASim-rs_N	20:7981481	50	31	0.62
0.05	0.04749999999999999	4.358898934822874	0.95	30	stCNASim-rs_N	20:10405365	30	19	0.6333333333333333
0.03833333333333333	0.03686388888888889	5.008688090792904	0.9616666666666667	23	stCNASim-rs_N	20:10405411	23	12	0.5217391304347826
0.035	0.04710833333333333	6.201272618840251	0.9716666666666667	21	stCNASim-rs_N	20:13168981	21	16	0.7619047619047619
0.021666666666666667	0.021197222222222215	6.719661132604933	0.9783333333333334	13	stCNASim-rs_N	20:17990910	13	7	0.5384615384615384
0.02	0.019599999999999992	6.999999964999999	0.98	12	stCNASim-rs_N	20:21389808	12	0	0.0
0.04	0.03840000000000001	4.898979473318908	0.96	24	stCNASim-rs_N	20:25226438	24	12	0.5
0.045	0.04630833333333335	4.782082460138544	0.9566666666666667	27	stCNASim-rs_N	20:25297964	27	15	0.5555555555555556
0.05	0.04749999999999999	4.358898934822874	0.95	30	stCNASim-rs_N	20:25452900	30	16	0.5333333333333333
0.155	0.16097499999999998	2.588496120563508	0.8566666666666667	93	stCNASim-rs_N	20:35002555	93	47	0.5053763440860215
0.125	0.11270833333333333	2.6857649416492126	0.8766666666666667	75	stCNASim-rs_N	20:35002614	75	35	0.4666666666666667
0.20666666666666667	0.23062222222222228	2.3237004457726615	0.8233333333333334	124	stCNASim-rs_N	20:35278950	124	70	0.5645161290322581
0.065	0.060775000000000017	3.7927055435869304	0.935	39	stCNASim-rs_N	20:36045977	39	19	0.48717948717948717
0.016666666666666666	0.016388888888888887	7.681145701781733	0.9833333333333333	10	stCNASim-rs_N	20:36232725	10	5	0.5
0.03833333333333333	0.03686388888888889	5.008688090792904	0.9616666666666667	23	stCNASim-rs_N	20:36528445	23	18	0.782608695652174
0.4816666666666667	0.5963305555555557	1.6032340905886027	0.65	289	stCNASim-rs_N	20:37236651	289	140	0.4844290657439446
0.04	0.03840000000000001	4.898979473318908	0.96	24	stCNASim-rs_N	20:37316940	24	15	0.625
0.056666666666666664	0.056788888888888896	4.205368122394087	0.945	34	stCNASim-rs_N	20:37316993	34	19	0.5588235294117647
0.02	0.019599999999999992	6.999999964999999	0.98	12	stCNASim-rs_N	20:44907814	12	7	0.5833333333333334
1.5633333333333332	2.0926555555555555	0.9253313737246247	0.26666666666666666	938	stCNASim-rs_N	20:45325418	938	508	0.5415778251599147
0.03	0.029099999999999994	5.686240684123191	0.97	18	stCNASim-rs_N	20:45325763	18	9	0.5
0.023333333333333334	0.022788888888888893	6.469709614686531	0.9766666666666667	14	stCNASim-rs_N	20:45325767	14	7	0.5
0.021666666666666667	0.021197222222222218	6.719661132604933	0.9783333333333334	13	stCNASim-rs_N	20:45367240	13	11	0.8461538461538461
0.016666666666666666	0.016388888888888887	7.681145701781733	0.9833333333333333	10	stCNASim-rs_N	20:46686707	10	10	1.0
0.08833333333333333	0.0838638888888889	3.278407080252997	0.9133333333333333	53	stCNASim-rs_N	20:49096526	53	23	0.4339622641509434
0.03666666666666667	0.035322222222222234	5.12569284384282	0.9633333333333334	22	stCNASim-rs_N	20:51597010	22	5	0.22727272727272727
0.04833333333333333	0.04599722222222222	4.437302681916048	0.9516666666666667	29	stCNASim-rs_N	20:56404115	29	16	0.5517241379310345
0.175	0.184375	2.4536520039290086	0.8433333333333334	105	stCNASim-rs_N	20:56518845	105	42	0.4
0.6466666666666666	0.7984888888888889	1.3818279197776715	0.5666666666666667	388	stCNASim-rs_N	20:57566163	388	85	0.2190721649484536
0.07166666666666667	0.07319722222222223	3.7751142036573766	0.9316666666666666	43	stCNASim-rs_N	20:58715649	43	23	0.5348837209302325
0.09666666666666666	0.1039888888888889	3.335928435431687	0.9116666666666666	58	stCNASim-rs_N	20:58715790	58	35	0.603448275862069
0.023333333333333334	0.022788888888888893	6.469709614686531	0.9766666666666667	14	stCNASim-rs_N	20:58994761	14	6	0.42857142857142855
0.06333333333333334	0.06265555555555556	3.9522776427815085	0.9383333333333334	38	stCNASim-rs_N	20:62388438	38	4	0.10526315789473684
0.07166666666666667	0.07319722222222223	3.7751142036573766	0.9316666666666666	43	stCNASim-rs_N	20:62945425	43	25	0.5813953488372093
0.018333333333333333	0.017997222222222227	7.317475928304946	0.9816666666666667	11	stCNASim-rs_N	20:62969425	11	3	0.2727272727272727
0.14333333333333334	0.13612222222222226	2.574051987813845	0.8633333333333333	86	stCNASim-rs_N	21:17569905	86	37	0.43023255813953487
0.04666666666666667	0.06782222222222221	5.58057855507722	0.96	28	stCNASim-rs_N	21:29345880	28	10	0.35714285714285715
0.1	0.10666666666666667	3.265986320444918	0.9083333333333333	60	stCNASim-rs_N	21:34142817	60	23	0.38333333333333336
0.16	0.18106666666666665	2.659495564543306	0.8616666666666667	96	stCNASim-rs_N	21:37065463	96	44	0.4583333333333333
0.16166666666666665	0.16553055555555557	2.516625554119034	0.8516666666666667	97	stCNASim-rs_N	21:38823540	97	27	0.27835051546391754
0.09833333333333333	0.09866388888888887	3.1943195024178683	0.9066666666666666	59	stCNASim-rs_N	21:39342552	59	19	0.3220338983050847
0.025	0.024374999999999997	6.244997973418406	0.975	15	stCNASim-rs_N	21:41885354	15	3	0.2
0.18	0.19760000000000005	2.469567862060559	0.84	108	stCNASim-rs_N	21:43756077	108	43	0.39814814814814814
0.058333333333333334	0.06159722222222221	4.254649310373581	0.945	35	stCNASim-rs_N	21:43762120	35	25	0.7142857142857143
0.07333333333333333	0.06795555555555556	3.554766321701165	0.9266666666666666	44	stCNASim-rs_N	21:43762183	44	21	0.4772727272727273
0.185	0.21744166666666667	2.52057518005766	0.8466666666666667	111	stCNASim-rs_N	21:44849838	111	51	0.4594594594594595
0.05333333333333334	0.053822222222222216	4.349928152170213	0.9483333333333334	32	stCNASim-rs_N	21:46129596	32	12	0.375
0.05	0.05083333333333332	4.509249743804394	0.9516666666666667	30	stCNASim-rs_N	21:46129655	30	12	0.4
0.06	0.06306666666666667	4.185512926765782	0.9433333333333334	36	stCNASim-rs_N	21:46129715	36	20	0.5555555555555556
0.4483333333333333	0.4839972222222222	1.5517451792377532	0.6533333333333333	269	stCNASim-rs_N	21:46132710	269	123	0.45724907063197023
6.841666666666667	16.303263888888885	0.5901676065598748	0.008333333333333333	4105	stCNASim-rs_N	21:46136879	4105	1666	0.40584652862362974
5.963333333333333	12.785322222222222	0.5996070811200702	0.015	3578	stCNASim-rs_N	21:46136895	3578	1895	0.5296254891000559
0.635	0.6084416666666667	1.2283885178292653	0.515	381	stCNASim-rs_N	21:46137308	381	184	0.48293963254593175
0.145	0.14064166666666666	2.5863601469323383	0.8633333333333333	87	stCNASim-rs_N	21:46138559	87	39	0.4482758620689655
0.03833333333333333	0.03686388888888889	5.008688090792904	0.9616666666666667	23	stCNASim-rs_N	21:46188666	23	7	0.30434782608695654
0.04666666666666667	0.04782222222222221	4.686062694774643	0.955	28	stCNASim-rs_N	21:46635690	28	13	0.4642857142857143
0.02666666666666667	0.02928888888888889	6.417748802430158	0.975	16	stCNASim-rs_N	21:46664908	16	3	0.1875
0.15833333333333333	0.16326388888888888	2.551953245209431	0.8566666666666667	95	stCNASim-rs_N	22:19523195	95	47	0.49473684210526314
0.05	0.05083333333333332	4.509249743804394	0.9516666666666667	30	stCNASim-rs_N	22:19523349	30	19	0.6333333333333333
0.03	0.03576666666666667	6.304025735655151	0.9733333333333334	18	stCNASim-rs_N	22:20889399	18	9	0.5
0.7616666666666667	2.0381972222222227	1.8743822068847578	0.6133333333333333	457	stCNASim-rs_N	22:22901301	457	330	0.7221006564551422
0.04	0.038400000000000004	4.898979473318907	0.96	24	stCNASim-rs_N	22:29259427	24	6	0.25
0.03166666666666667	0.030663888888888893	5.5298234307517316	0.9683333333333334	19	stCNASim-rs_N	22:30027755	19	13	0.6842105263157895
0.3883333333333333	0.4175305555555556	1.6639468922723906	0.69	233	stCNASim-rs_N	22:30423640	233	127	0.5450643776824035
0.5	0.55	1.4832396971224846	0.625	300	stCNASim-rs_N	22:30423770	300	149	0.49666666666666665
0.051666666666666666	0.05233055555555555	4.427588271890786	0.95	31	stCNASim-rs_N	22:31206786	31	17	0.5483870967741935
0.17333333333333334	0.21995555555555554	2.7057357425869304	0.8533333333333334	104	stCNASim-rs_N	22:35666124	104	36	0.34615384615384615
0.043333333333333335	0.04478888888888888	4.883858197760318	0.9583333333333334	26	stCNASim-rs_N	22:35668367	26	11	0.4230769230769231
0.06833333333333333	0.07366388888888888	3.971867153710484	0.9366666666666666	41	stCNASim-rs_N	22:37633288	41	19	0.4634146341463415
0.028333333333333332	0.02753055555555556	5.856117946642017	0.9716666666666667	17	stCNASim-rs_N	22:37655992	17	6	0.35294117647058826
0.02	0.02293333333333333	7.5718777565409745	0.9816666666666667	12	stCNASim-rs_N	22:38216204	12	9	0.75
0.06166666666666667	0.08119722222222224	4.620831282603952	0.945	37	stCNASim-rs_N	22:38216365	37	17	0.4594594594594595
0.021666666666666667	0.024530555555555552	7.228723081393685	0.98	13	stCNASim-rs_N	22:38219529	13	0	0.0
0.2816666666666667	0.2789972222222222	1.8752729332642428	0.7533333333333333	169	stCNASim-rs_N	22:38483683	169	90	0.5325443786982249
0.051666666666666666	0.055663888888888874	4.566424988121809	0.9516666666666667	31	stCNASim-rs_N	22:38684240	31	9	0.2903225806451613
0.5733333333333334	0.6746222222222222	1.432594004133558	0.595	344	stCNASim-rs_N	22:38734838	344	177	0.5145348837209303
0.4266666666666667	0.4479555555555555	1.5686597330911345	0.6616666666666666	256	stCNASim-rs_N	22:38734959	256	130	0.5078125
0.4083333333333333	0.4315972222222223	1.608883087238825	0.6733333333333333	245	stCNASim-rs_N	22:38734966	245	121	0.49387755102040815
0.23833333333333334	0.28153055555555556	2.2262707554558334	0.8033333333333333	143	stCNASim-rs_N	22:40824752	143	80	0.5594405594405595
0.03	0.0291	5.686240684123191	0.97	18	stCNASim-rs_N	22:43162920	18	7	0.3888888888888889
0.08833333333333333	0.1038638888888889	3.6484438772291052	0.9233333333333333	53	stCNASim-rs_N	22:43162966	53	30	0.5660377358490566
0.38666666666666666	0.4304888888888888	1.6968530706393785	0.6966666666666667	232	stCNASim-rs_N	22:43163131	232	115	0.4956896551724138
0.085	0.09110833333333336	3.551077289029195	0.92	51	stCNASim-rs_N	22:43166699	51	31	0.6078431372549019
0.041666666666666664	0.04659722222222224	5.1807335263616885	0.9616666666666667	25	stCNASim-rs_N	22:43947089	25	8	0.32
0.06666666666666667	0.07222222222222223	4.0311288681025825	0.9383333333333334	40	stCNASim-rs_N	22:43947271	40	19	0.475
0.023333333333333334	0.022788888888888886	6.469709614686531	0.9766666666666667	14	stCNASim-rs_N	22:45187725	14	9	0.6428571428571429
0.07666666666666666	0.07745555555555556	3.63010932720189	0.9266666666666666	46	stCNASim-rs_N	22:45187859	46	26	0.5652173913043478
0.09666666666666666	0.10398888888888888	3.335928435431687	0.9116666666666666	58	stCNASim-rs_N	22:45187922	58	32	0.5517241379310345
0.07333333333333333	0.07795555555555557	3.807343920512154	0.9316666666666666	44	stCNASim-rs_N	22:49963768	44	19	0.4318181818181818
0.035	0.04044166666666667	5.745746709830471	0.9683333333333334	21	stCNASim-rs_N	22:50199168	21	7	0.3333333333333333
0.15333333333333332	0.16648888888888888	2.6610684761948433	0.865	92	stCNASim-rs_N	22:50199493	92	50	0.5434782608695652
0.08	0.0836	3.61420806918248	0.925	48	stCNASim-rs_N	22:50523425	48	24	0.5
1.3066666666666666	1.6392888888888888	0.9798575319198823	0.30333333333333334	784	stCNASim-rs_N	22:50525807	784	421	0.5369897959183674
0.03666666666666667	0.03532222222222223	5.1256928438428195	0.9633333333333334	22	stCNASim-rs_N	22:50578965	22	9	0.4090909090909091
0.12833333333333333	0.11853055555555557	2.6827220870174604	0.875	77	stCNASim-rs_N	22:50579047	77	45	0.5844155844155844
0.07166666666666667	0.06653055555555556	3.5990954885837296	0.9283333333333333	43	stCNASim-rs_N	22:50579085	43	20	0.46511627906976744
0.025	0.027708333333333335	6.65832809184608	0.9766666666666667	15	stCNASim-rs_N	3:4361469	15	6	0.4
0.07666666666666666	0.07412222222222221	3.551138687582474	0.925	46	stCNASim-rs_N	3:9780230	46	21	0.45652173913043476
0.02666666666666667	0.02928888888888889	6.417748802430158	0.975	16	stCNASim-rs_N	3:12898047	16	7	0.4375
0.055	0.061975	4.526323367953813	0.95	33	stCNASim-rs_N	3:13316486	33	21	0.6363636363636364
0.018333333333333333	0.017997222222222223	7.317475928304944	0.9816666666666667	11	stCNASim-rs_N	3:15264363	11	5	0.45454545454545453
0.025	0.027708333333333335	6.65832809184608	0.9766666666666667	15	stCNASim-rs_N	3:15264388	15	7	0.4666666666666667
0.02	0.019599999999999996	6.999999964999999	0.98	12	stCNASim-rs_N	3:16260452	12	6	0.5
0.03333333333333333	0.032222222222222215	5.385164790979009	0.9666666666666667	20	stCNASim-rs_N	3:32996691	20	12	0.6
0.02666666666666667	0.029288888888888885	6.417748802430158	0.975	16	stCNASim-rs_N	3:33144864	16	5	0.3125
0.08166666666666667	0.0749972222222222	3.3533413085525825	0.9183333333333333	49	stCNASim-rs_N	3:37053188	49	28	0.5714285714285714
0.028333333333333332	0.030863888888888896	6.2005134070188745	0.9733333333333334	17	stCNASim-rs_N	3:39096591	17	7	0.4117647058823529
0.023333333333333334	0.022788888888888893	6.469709614686531	0.9766666666666667	14	stCNASim-rs_N	3:39396830	14	6	0.42857142857142855
0.085	0.09110833333333335	3.5510772890291946	0.9216666666666666	51	stCNASim-rs_N	3:42537370	51	22	0.43137254901960786
0.021666666666666667	0.021197222222222215	6.719661132604933	0.9783333333333334	13	stCNASim-rs_N	3:42638508	13	7	0.5384615384615384
0.02666666666666667	0.029288888888888896	6.41774880243016	0.975	16	stCNASim-rs_N	3:43719642	16	9	0.5625
0.023333333333333334	0.022788888888888893	6.469709614686531	0.9766666666666667	14	stCNASim-rs_N	3:46670360	14	9	0.6428571428571429
0.03833333333333333	0.04019722222222222	5.230237793915849	0.9633333333333334	23	stCNASim-rs_N	3:50354037	23	12	0.5217391304347826
0.82	1.1576	1.3120953809436728	0.5016666666666667	492	stCNASim-rs_N	3:52791569	492	237	0.4817073170731707
0.13166666666666665	0.1443305555555556	2.885381881928727	0.8833333333333333	79	stCNASim-rs_N	3:52820455	79	42	0.5316455696202531
0.09333333333333334	0.10128888888888887	3.4099194998550892	0.915	56	stCNASim-rs_N	3:52820519	56	28	0.5
0.035	0.03710833333333333	5.50386380951624	0.9666666666666667	21	stCNASim-rs_N	3:52847349	21	15	0.7142857142857143
0.016666666666666666	0.01638888888888889	7.681145701781734	0.9833333333333333	10	stCNASim-rs_N	3:53091569	10	4	0.4
0.13	0.13643333333333335	2.841298698012507	0.88	78	stCNASim-rs_N	3:53816448	78	36	0.46153846153846156
0.03333333333333333	0.032222222222222215	5.385164790979009	0.9666666666666667	20	stCNASim-rs_N	3:56620294	20	13	0.65
0.023333333333333334	0.022788888888888893	6.469709614686531	0.9766666666666667	14	stCNASim-rs_N	3:58294362	14	3	0.21428571428571427
0.145	0.15730833333333333	2.735318245337272	0.87	87	stCNASim-rs_N	3:58294584	87	46	0.5287356321839081
0.14666666666666667	0.15515555555555555	2.685667497572944	0.8683333333333333	88	stCNASim-rs_N	3:58294679	88	43	0.48863636363636365
0.09833333333333333	0.09199722222222223	3.084512932759129	0.9033333333333333	59	stCNASim-rs_N	3:58427678	59	32	0.5423728813559322
0.24	0.2790666666666667	2.2011150363781504	0.8	144	stCNASim-rs_N	3:58427738	144	80	0.5555555555555556
0.045	0.042975000000000006	4.606758310124511	0.955	27	stCNASim-rs_N	3:58427935	27	16	0.5925925925925926
0.02666666666666667	0.025955555555555555	6.041522964141574	0.9733333333333334	16	stCNASim-rs_N	3:67375539	16	7	0.4375
0.025	0.024374999999999994	6.244997973418404	0.975	15	stCNASim-rs_N	3:67375559	15	6	0.4
0.051666666666666666	0.04899722222222221	4.284254735496762	0.9483333333333334	31	stCNASim-rs_N	3:87255411	31	9	0.2903225806451613
0.06333333333333334	0.06265555555555555	3.9522776427815085	0.9383333333333334	38	stCNASim-rs_N	3:93874275	38	9	0.23684210526315788
0.056666666666666664	0.056788888888888896	4.205368122394087	0.945	34	stCNASim-rs_N	3:98579756	34	14	0.4117647058823529
0.051666666666666666	0.04899722222222221	4.284254735496762	0.9483333333333334	31	stCNASim-rs_N	3:98795197	31	19	0.6129032258064516
0.02	0.019599999999999992	6.999999964999999	0.98	12	stCNASim-rs_N	3:98796317	12	5	0.4166666666666667
0.08	0.09026666666666666	3.755551441720144	0.9266666666666666	48	stCNASim-rs_N	3:105576617	48	21	0.4375
0.06166666666666667	0.07119722222222222	4.326941768398224	0.945	37	stCNASim-rs_N	3:119629739	37	23	0.6216216216216216
0.06166666666666667	0.06453055555555555	4.119383523901087	0.9416666666666667	37	stCNASim-rs_N	3:122574926	37	16	0.43243243243243246
0.03333333333333333	0.032222222222222215	5.385164790979009	0.9666666666666667	20	stCNASim-rs_N	3:126437817	20	11	0.55
0.06833333333333333	0.06366388888888887	3.6924444886224888	0.9316666666666666	41	stCNASim-rs_N	3:126481303	41	12	0.2926829268292683
0.06333333333333334	0.06598888888888887	4.056047767686444	0.94	38	stCNASim-rs_N	3:126481448	38	15	0.39473684210526316
0.021666666666666667	0.021197222222222218	6.719661132604933	0.9783333333333334	13	stCNASim-rs_N	3:126481560	13	9	0.6923076923076923
0.19	0.24056666666666668	2.5814524160924495	0.845	114	stCNASim-rs_N	3:126543249	114	61	0.5350877192982456
0.03166666666666667	0.03066388888888889	5.5298234307517316	0.9683333333333334	19	stCNASim-rs_N	3:129555520	19	9	0.47368421052631576
0.04	0.03840000000000001	4.898979473318908	0.96	24	stCNASim-rs_N	3:132538903	24	17	0.7083333333333334
0.018333333333333333	0.017997222222222223	7.317475928304944	0.9816666666666667	11	stCNASim-rs_N	3:132676967	11	3	0.2727272727272727
0.45666666666666667	0.5447888888888889	1.6162733354334964	0.6566666666666666	274	stCNASim-rs_N	3:133775510	274	100	0.36496350364963503
0.04666666666666667	0.04448888888888888	4.5197977101879685	0.9533333333333334	28	stCNASim-rs_N	3:134355888	28	11	0.39285714285714285
0.075	0.079375	3.756475884852914	0.93	45	stCNASim-rs_N	3:138494450	45	33	0.7333333333333333
0.03	0.03243333333333333	6.003085606318647	0.9716666666666667	18	stCNASim-rs_N	3:143060452	18	6	0.3333333333333333
0.26666666666666666	0.2755555555555556	1.9685019677647646	0.77	160	stCNASim-rs_N	3:148742913	160	56	0.35
0.05	0.05083333333333332	4.509249743804394	0.9516666666666667	30	stCNASim-rs_N	3:149027449	30	16	0.5333333333333333
0.7183333333333334	1.0223305555555555	1.4075688616847577	0.5366666666666666	431	stCNASim-rs_N	3:149172945	431	226	0.5243619489559165
0.11833333333333333	0.1176638888888889	2.898774954449176	0.8883333333333333	71	stCNASim-rs_N	3:150542155	71	37	0.5211267605633803
0.07833333333333334	0.09219722222222222	3.8762547386775843	0.93	47	stCNASim-rs_N	3:172505586	47	19	0.40425531914893614
0.23666666666666666	0.24398888888888887	2.0871224542770865	0.795	142	stCNASim-rs_N	3:172505830	142	50	0.352112676056338
0.24166666666666667	0.26326388888888885	2.1231412789645128	0.7966666666666666	145	stCNASim-rs_N	3:172505837	145	51	0.35172413793103446
0.23666666666666666	0.27065555555555554	2.1982211334261095	0.8016666666666666	142	stCNASim-rs_N	3:172505900	142	70	0.49295774647887325
0.02	0.019599999999999992	6.999999964999999	0.98	12	stCNASim-rs_N	3:177021010	12	6	0.5
0.03	0.03576666666666667	6.304025735655151	0.9733333333333334	18	stCNASim-rs_N	3:179394877	18	6	0.3333333333333333
0.021666666666666667	0.021197222222222218	6.719661132604933	0.9783333333333334	13	stCNASim-rs_N	3:183920057	13	7	0.5384615384615384
0.03333333333333333	0.03888888888888888	5.916079765351376	0.97	20	stCNASim-rs_N	3:184372478	20	12	0.6
0.03	0.032433333333333335	6.003085606318647	0.9716666666666667	18	stCNASim-rs_N	3:185488929	18	15	0.8333333333333334
2.015	2.7914416666666666	0.8291616896577865	0.16833333333333333	1209	stCNASim-rs_N	3:186743560	1209	383	0.31679073614557485
0.07666666666666666	0.07412222222222221	3.551138687582474	0.925	46	stCNASim-rs_N	3:187217525	46	23	0.5
0.06833333333333333	0.07033055555555554	3.8809622378566133	0.935	41	stCNASim-rs_N	3:187217538	41	20	0.4878048780487805
0.7383333333333333	0.8531972222222222	1.2510430094902605	0.5033333333333333	443	stCNASim-rs_N	3:190305763	443	214	0.48306997742663654
0.11333333333333333	0.11382222222222226	2.97684256887455	0.8933333333333333	68	stCNASim-rs_N	3:190306048	68	22	0.3235294117647059
0.06666666666666667	0.06555555555555556	3.8405728681734455	0.935	40	stCNASim-rs_N	3:190306399	40	31	0.775
0.12166666666666667	0.12019722222222223	2.8495455626235815	0.885	73	stCNASim-rs_N	3:190308016	73	19	0.2602739726027397
0.018333333333333333	0.017997222222222223	7.317475928304944	0.9816666666666667	11	stCNASim-rs_N	3:191394437	11	5	0.45454545454545453
0.018333333333333333	0.01799722222222222	7.317475928304944	0.9816666666666667	11	stCNASim-rs_N	3:193694883	11	6	0.5454545454545454
0.03666666666666667	0.03532222222222223	5.1256928438428195	0.9633333333333334	22	stCNASim-rs_N	3:194640947	22	6	0.2727272727272727
0.03	0.0291	5.686240684123191	0.97	18	stCNASim-rs_N	3:194640985	18	3	0.16666666666666666
0.04	0.03840000000000001	4.898979473318908	0.96	24	stCNASim-rs_N	3:194641039	24	19	0.7916666666666666
0.075	0.07604166666666666	3.6767537968252832	0.9283333333333333	45	stCNASim-rs_N	3:195514593	45	24	0.5333333333333333
0.016666666666666666	0.01638888888888889	7.681145701781734	0.9833333333333333	10	stCNASim-rs_N	4:1693082	10	7	0.7
0.058333333333333334	0.06493055555555555	4.368252807203182	0.945	35	stCNASim-rs_N	4:2250447	35	16	0.45714285714285713
0.07333333333333333	0.07795555555555557	3.807343920512154	0.9316666666666666	44	stCNASim-rs_N	4:3432055	44	17	0.38636363636363635
0.3466666666666667	0.42315555555555556	1.876454070747646	0.725	208	stCNASim-rs_N	4:3448159	208	105	0.5048076923076923
0.205	0.21630833333333338	2.268729740858645	0.8216666666666667	123	stCNASim-rs_N	4:3512812	123	54	0.43902439024390244
0.02	0.019599999999999996	6.999999964999999	0.98	12	stCNASim-rs_N	4:4235838	12	0	0.0
0.03666666666666667	0.035322222222222234	5.12569284384282	0.9633333333333334	22	stCNASim-rs_N	4:8366877	22	14	0.6363636363636364
0.025	0.024374999999999997	6.244997973418406	0.975	15	stCNASim-rs_N	4:16161642	15	11	0.7333333333333333
0.023333333333333334	0.022788888888888893	6.469709614686531	0.9766666666666667	14	stCNASim-rs_N	4:16161863	14	11	0.7857142857142857
0.06166666666666667	0.057863888888888916	3.9007968630609735	0.9383333333333334	37	stCNASim-rs_N	4:24800790	37	8	0.21621621621621623
0.021666666666666667	0.021197222222222218	6.719661132604933	0.9783333333333334	13	stCNASim-rs_N	4:27023875	13	7	0.5384615384615384
0.10833333333333334	0.1499305555555555	3.5742338906973043	0.9133333333333333	65	stCNASim-rs_N	4:38700816	65	22	0.3384615384615385
0.105	0.11397499999999998	3.2152555825368605	0.9033333333333333	63	stCNASim-rs_N	4:38944804	63	31	0.49206349206349204
0.02666666666666667	0.029288888888888885	6.417748802430158	0.975	16	stCNASim-rs_N	4:39287688	16	5	0.3125
0.16	0.1944	2.7556759589087774	0.8683333333333333	96	stCNASim-rs_N	4:39498894	96	63	0.65625
0.02666666666666667	0.029288888888888896	6.41774880243016	0.975	16	stCNASim-rs_N	5:1461453	16	7	0.4375
0.043333333333333335	0.04478888888888888	4.883858197760318	0.9583333333333334	26	stCNASim-rs_N	5:6372135	26	9	0.34615384615384615
0.12	0.12893333333333334	2.99227399961649	0.8916666666666667	72	stCNASim-rs_N	5:10264850	72	48	0.6666666666666666
0.12666666666666668	0.12062222222222223	2.7418981615471547	0.8783333333333333	76	stCNASim-rs_N	5:10264964	76	36	0.47368421052631576
1.1016666666666666	1.354663888888889	1.056490431048389	0.3933333333333333	661	stCNASim-rs_N	5:10279318	661	341	0.5158850226928896
0.115	0.131775	3.1565936004615107	0.8983333333333333	69	stCNASim-rs_N	5:14709926	69	32	0.463768115942029
0.03	0.0291	5.686240684123191	0.97	18	stCNASim-rs_N	5:16474535	18	9	0.5
0.03666666666666667	0.035322222222222234	5.12569284384282	0.9633333333333334	22	stCNASim-rs_N	5:31401340	22	6	0.2727272727272727
0.028333333333333332	0.03419722222222223	6.52676149527918	0.975	17	stCNASim-rs_N	5:35879501	17	10	0.5882352941176471
0.25333333333333335	0.27915555555555555	2.0855989519214275	0.7833333333333333	152	stCNASim-rs_N	5:36193130	152	44	0.2894736842105263
0.041666666666666664	0.04659722222222224	5.1807335263616885	0.9616666666666667	25	stCNASim-rs_N	5:38935580	25	11	0.44
0.02666666666666667	0.02928888888888889	6.417748802430158	0.975	16	stCNASim-rs_N	5:39373151	16	10	0.625
0.041666666666666664	0.04659722222222223	5.180733526361688	0.9616666666666667	25	stCNASim-rs_N	5:40981587	25	7	0.28
0.6366666666666667	0.8879888888888888	1.4801020264079492	0.5933333333333334	382	stCNASim-rs_N	5:40982875	382	248	0.6492146596858639
1.225	1.6677083333333333	1.0542023031660965	0.35	735	stCNASim-rs_N	5:41142504	735	337	0.45850340136054424
0.03166666666666667	0.03066388888888889	5.5298234307517316	0.9683333333333334	19	stCNASim-rs_N	5:42805344	19	14	0.7368421052631579
0.27666666666666667	0.3067888888888889	2.001994939878812	0.77	166	stCNASim-rs_N	5:43289606	166	70	0.42168674698795183
0.02	0.019599999999999996	6.999999964999999	0.98	12	stCNASim-rs_N	5:44828492	12	8	0.6666666666666666
0.051666666666666666	0.05233055555555555	4.427588271890786	0.95	31	stCNASim-rs_N	5:52952461	31	13	0.41935483870967744
0.03166666666666667	0.030663888888888893	5.5298234307517316	0.9683333333333334	19	stCNASim-rs_N	5:52953778	19	8	0.42105263157894735
0.03166666666666667	0.030663888888888893	5.5298234307517316	0.9683333333333334	19	stCNASim-rs_N	5:52953782	19	8	0.42105263157894735
0.03333333333333333	0.032222222222222215	5.385164790979009	0.9666666666666667	20	stCNASim-rs_N	5:52953878	20	10	0.5
0.045	0.046308333333333354	4.782082460138544	0.9566666666666667	27	stCNASim-rs_N	5:52954427	27	14	0.5185185185185185
0.02	0.019599999999999992	6.999999964999999	0.98	12	stCNASim-rs_N	5:52956125	12	6	0.5
0.12666666666666668	0.14395555555555556	2.995379634505162	0.8866666666666667	76	stCNASim-rs_N	5:52956361	76	29	0.3815789473684211
0.20666666666666667	0.20062222222222223	2.167300261175929	0.8116666666666666	124	stCNASim-rs_N	5:53683267	124	51	0.4112903225806452
0.025	0.027708333333333335	6.65832809184608	0.9766666666666667	15	stCNASim-rs_N	5:53883986	15	6	0.4
0.045	0.052975000000000015	5.114733004848996	0.96	27	stCNASim-rs_N	5:72219789	27	9	0.3333333333333333
0.023333333333333334	0.022788888888888893	6.469709614686531	0.9766666666666667	14	stCNASim-rs_N	5:73090312	14	9	0.6428571428571429
0.095	0.1093083333333333	3.4801906067966324	0.915	57	stCNASim-rs_N	5:76969157	57	38	0.6666666666666666
0.13666666666666666	0.14465555555555554	2.7829471345476495	0.8766666666666667	82	stCNASim-rs_N	5:76969210	82	43	0.524390243902439
0.03666666666666667	0.03532222222222223	5.1256928438428195	0.9633333333333334	22	stCNASim-rs_N	5:79686365	22	11	0.5
0.16666666666666666	0.1922222222222222	2.6305892860148274	0.8583333333333333	100	stCNASim-rs_N	5:81330127	100	56	0.56
0.08	0.07693333333333333	3.4671073394519025	0.9216666666666666	48	stCNASim-rs_N	5:83052895	48	24	0.5
0.08333333333333333	0.07972222222222221	3.3882148651536257	0.9183333333333333	50	stCNASim-rs_N	5:83052928	50	20	0.4
0.12	0.1489333333333333	3.215990139188076	0.8983333333333333	72	stCNASim-rs_N	5:96774507	72	23	0.3194444444444444
0.021666666666666667	0.024530555555555552	7.228723081393685	0.98	13	stCNASim-rs_N	5:97163079	13	0	0.0
0.10833333333333334	0.10993055555555555	3.0605332685714712	0.8983333333333333	65	stCNASim-rs_N	5:103203051	65	25	0.38461538461538464
0.025	0.027708333333333335	6.65832809184608	0.9766666666666667	15	stCNASim-rs_N	5:109867341	15	12	0.8
0.08833333333333333	0.09386388888888889	3.468363858445616	0.9183333333333333	53	stCNASim-rs_N	5:110764969	53	29	0.5471698113207547
0.09	0.14523333333333333	4.234387926538951	0.925	54	stCNASim-rs_N	5:112867867	54	31	0.5740740740740741
0.29833333333333334	0.35933055555555565	2.009302356998284	0.7616666666666667	179	stCNASim-rs_N	5:112876454	179	84	0.4692737430167598
0.11	0.11123333333333335	3.031969236131938	0.8966666666666666	66	stCNASim-rs_N	5:112876628	66	22	0.3333333333333333
0.4116666666666667	0.4688638888888888	1.6633272008463793	0.6816666666666666	247	stCNASim-rs_N	5:126544897	247	141	0.5708502024291497
0.02666666666666667	0.025955555555555558	6.041522964141575	0.9733333333333334	16	stCNASim-rs_N	5:127554849	16	7	0.4375
0.15333333333333332	0.17648888888888892	2.739820477202404	0.8633333333333333	92	stCNASim-rs_N	5:133972170	92	40	0.43478260869565216
0.021666666666666667	0.024530555555555552	7.228723081393685	0.98	13	stCNASim-rs_N	5:134969507	13	5	0.38461538461538464
0.34	0.37439999999999996	1.7996539454446139	0.7233333333333334	204	stCNASim-rs_N	5:135946941	204	95	0.46568627450980393
0.4266666666666667	0.4246222222222223	1.5272588288029738	0.65	256	stCNASim-rs_N	5:135947143	256	113	0.44140625
0.051666666666666666	0.05233055555555554	4.427588271890786	0.95	31	stCNASim-rs_N	5:135951340	31	11	0.3548387096774194
0.08333333333333333	0.07638888888888888	3.31662478637545	0.9166666666666666	50	stCNASim-rs_N	5:138934853	50	28	0.56
0.07166666666666667	0.07653055555555556	3.8601148568419075	0.9333333333333333	43	stCNASim-rs_N	5:140706477	43	19	0.4418604651162791
0.08333333333333333	0.0963888888888889	3.725587197568728	0.9266666666666666	50	stCNASim-rs_N	5:140706606	50	31	0.62
0.035	0.04044166666666667	5.745746709830471	0.9683333333333334	21	stCNASim-rs_N	5:147824629	21	6	0.2857142857142857
0.05333333333333334	0.060488888888888884	4.6114666777776785	0.9516666666666667	32	stCNASim-rs_N	5:148442506	32	18	0.5625
0.18666666666666668	0.2184888888888889	2.5040783047954016	0.84	112	stCNASim-rs_N	5:149260199	112	55	0.49107142857142855
0.975	1.1277083333333333	1.0891652561794216	0.405	585	stCNASim-rs_N	5:150446963	585	242	0.41367521367521365
0.043333333333333335	0.04812222222222221	5.06233333717089	0.96	26	stCNASim-rs_N	5:150558177	26	10	0.38461538461538464
0.03	0.0291	5.686240684123191	0.97	18	stCNASim-rs_N	5:154420953	18	5	0.2777777777777778
0.023333333333333334	0.022788888888888893	6.469709614686531	0.9766666666666667	14	stCNASim-rs_N	5:157138601	14	8	0.5714285714285714
0.11833333333333333	0.14766388888888893	3.2473571238858736	0.8983333333333333	71	stCNASim-rs_N	5:157786489	71	31	0.43661971830985913
0.14666666666666667	0.1584888888888889	2.714363384846319	0.87	88	stCNASim-rs_N	5:168519256	88	41	0.4659090909090909
0.27666666666666667	0.31345555555555554	2.0236301808055077	0.7716666666666666	166	stCNASim-rs_N	5:173787019	166	149	0.8975903614457831
0.13333333333333333	0.12888888888888891	2.6925824015478153	0.8733333333333333	80	stCNASim-rs_N	5:175528569	80	24	0.3
0.105	0.103975	3.070967108958361	0.9	63	stCNASim-rs_N	5:175528581	63	17	0.2698412698412698
0.021666666666666667	0.021197222222222218	6.719661132604933	0.9783333333333334	13	stCNASim-rs_N	5:175529464	13	7	0.5384615384615384
0.041666666666666664	0.03993055555555557	4.795831511802725	0.9583333333333334	25	stCNASim-rs_N	5:177520152	25	11	0.44
0.15	0.18083333333333332	2.834966847481816	0.8716666666666667	90	stCNASim-rs_N	5:177596097	90	38	0.4222222222222222
0.07333333333333333	0.0812888888888889	3.8878917729425293	0.9333333333333333	44	stCNASim-rs_N	5:178210881	44	18	0.4090909090909091
0.03833333333333333	0.03686388888888889	5.008688090792904	0.9616666666666667	23	stCNASim-rs_N	5:181237105	23	8	0.34782608695652173
0.03	0.0291	5.686240684123191	0.97	18	stCNASim-rs_N	6:7281421	18	13	0.7222222222222222
0.13666666666666666	0.1413222222222222	2.750696194540939	0.875	82	stCNASim-rs_N	6:10980820	82	29	0.35365853658536583
0.02	0.019599999999999996	6.999999964999999	0.98	12	stCNASim-rs_N	6:11134628	12	8	0.6666666666666666
0.041666666666666664	0.04326388888888889	4.99199357775869	0.96	25	stCNASim-rs_N	6:17759506	25	9	0.36
0.29333333333333333	0.31395555555555554	1.910172852935231	0.745	176	stCNASim-rs_N	6:30493308	176	55	0.3125
0.06166666666666667	0.06119722222222222	4.011579288999163	0.94	37	stCNASim-rs_N	6:31142614	37	18	0.4864864864864865
1.4866666666666666	1.9831555555555558	0.9472503762109042	0.2633333333333333	892	stCNASim-rs_N	6:31354079	892	420	0.47085201793721976
0.63	0.6797666666666667	1.3086978313322004	0.54	378	stCNASim-rs_N	6:31354171	378	149	0.3941798941798942
0.021666666666666667	0.021197222222222218	6.719661132604933	0.9783333333333334	13	stCNASim-rs_N	6:31415217	13	6	0.46153846153846156
0.04	0.04173333333333334	5.107184469246893	0.9616666666666667	24	stCNASim-rs_N	6:31588804	24	13	0.5416666666666666
0.025	0.024374999999999994	6.244997973418404	0.975	15	stCNASim-rs_N	6:31951801	15	9	0.6
0.16333333333333333	0.18332222222222222	2.62139659498591	0.8566666666666667	98	stCNASim-rs_N	6:32180626	98	51	0.5204081632653061
0.07666666666666666	0.08412222222222221	3.7831084078340274	0.93	46	stCNASim-rs_N	6:32643169	46	7	0.15217391304347827
0.075	0.08270833333333333	3.8345408674955896	0.9316666666666666	45	stCNASim-rs_N	6:32643174	45	7	0.15555555555555556
0.1	0.09333333333333335	3.0550504602488435	0.9016666666666666	60	stCNASim-rs_N	6:32643191	60	7	0.11666666666666667
0.1	0.09333333333333335	3.0550504602488435	0.9016666666666666	60	stCNASim-rs_N	6:32643195	60	7	0.11666666666666667
0.09833333333333333	0.09199722222222222	3.084512932759129	0.9033333333333333	59	stCNASim-rs_N	6:32643217	59	6	0.1016949152542373
0.09833333333333333	0.09199722222222222	3.084512932759129	0.9033333333333333	59	stCNASim-rs_N	6:32643220	59	6	0.1016949152542373
0.021666666666666667	0.021197222222222218	6.719661132604933	0.9783333333333334	13	stCNASim-rs_N	6:32643257	13	1	0.07692307692307693
0.058333333333333334	0.054930555555555545	4.017817453233808	0.9416666666666667	35	stCNASim-rs_N	6:32659544	35	4	0.11428571428571428
0.02666666666666667	0.025955555555555558	6.041522964141575	0.9733333333333334	16	stCNASim-rs_N	6:32659575	16	5	0.3125
0.025	0.024374999999999994	6.244997973418404	0.975	15	stCNASim-rs_N	6:32659585	15	5	0.3333333333333333
0.021666666666666667	0.021197222222222218	6.719661132604933	0.9783333333333334	13	stCNASim-rs_N	6:32659588	13	5	0.38461538461538464
0.016666666666666666	0.016388888888888894	7.681145701781734	0.9833333333333333	10	stCNASim-rs_N	6:32659617	10	5	0.5
0.016666666666666666	0.016388888888888894	7.681145701781734	0.9833333333333333	10	stCNASim-rs_N	6:32659619	10	5	0.5
0.023333333333333334	0.022788888888888893	6.469709614686531	0.9766666666666667	14	stCNASim-rs_N	6:32659628	14	9	0.6428571428571429
0.13166666666666665	0.13099722222222224	2.748876332414662	0.8766666666666667	79	stCNASim-rs_N	6:32659923	79	41	0.5189873417721519
0.14	0.14039999999999997	2.6764277116875785	0.87	84	stCNASim-rs_N	6:32659937	84	38	0.4523809523809524
0.09333333333333334	0.09795555555555556	3.3533413090658493	0.9133333333333333	56	stCNASim-rs_N	6:32659975	56	36	0.6428571428571429
0.08333333333333333	0.0963888888888889	3.725587197568728	0.925	50	stCNASim-rs_N	6:32659986	50	34	0.68
0.09166666666666666	0.10326388888888889	3.5056035388409494	0.9166666666666666	55	stCNASim-rs_N	6:32660000	55	19	0.34545454545454546
0.11333333333333333	0.1304888888888889	3.187345216986241	0.8983333333333333	68	stCNASim-rs_N	6:32660018	68	21	0.3088235294117647
0.12	0.14226666666666665	3.1431878106730404	0.895	72	stCNASim-rs_N	6:32660021	72	49	0.6805555555555556
0.12666666666666668	0.14728888888888889	3.0298606217394264	0.8883333333333333	76	stCNASim-rs_N	6:32660041	76	26	0.34210526315789475
0.12666666666666668	0.14062222222222223	2.9604970735417617	0.8866666666666667	76	stCNASim-rs_N	6:32660056	76	23	0.3026315789473684
0.14	0.14706666666666662	2.739233715809052	0.8716666666666667	84	stCNASim-rs_N	6:32660073	84	24	0.2857142857142857
0.145	0.15397499999999997	2.7061826406486227	0.8683333333333333	87	stCNASim-rs_N	6:32660075	87	24	0.27586206896551724
0.11166666666666666	0.11253055555555555	3.00408127849241	0.895	67	stCNASim-rs_N	6:32660105	67	39	0.582089552238806
0.105	0.103975	3.070967108958361	0.9	63	stCNASim-rs_N	6:32660129	63	26	0.4126984126984127
0.07333333333333333	0.07462222222222223	3.7250547673836305	0.93	44	stCNASim-rs_N	6:32660146	44	17	0.38636363636363635
0.043333333333333335	0.044788888888888885	4.883858197760319	0.9583333333333334	26	stCNASim-rs_N	6:32660190	26	10	0.38461538461538464
0.03666666666666667	0.03865555555555556	5.362095295579241	0.965	22	stCNASim-rs_N	6:32660199	22	7	0.3181818181818182
0.028333333333333332	0.02753055555555556	5.856117946642017	0.9716666666666667	17	stCNASim-rs_N	6:32660211	17	14	0.8235294117647058
0.028333333333333332	0.02753055555555556	5.856117946642017	0.9716666666666667	17	stCNASim-rs_N	6:32660214	17	14	0.8235294117647058
0.028333333333333332	0.02753055555555556	5.856117946642017	0.9716666666666667	17	stCNASim-rs_N	6:32660215	17	3	0.17647058823529413
0.03833333333333333	0.03686388888888889	5.008688090792904	0.9616666666666667	23	stCNASim-rs_N	6:32828678	23	9	0.391304347826087
0.04	0.04173333333333333	5.107184469246892	0.9616666666666667	24	stCNASim-rs_N	6:32858456	24	18	0.75
0.028333333333333332	0.027530555555555558	5.856117946642016	0.9716666666666667	17	stCNASim-rs_N	6:32980944	17	5	0.29411764705882354
0.21333333333333335	0.20782222222222224	2.1369151236581656	0.805	128	stCNASim-rs_N	6:33065076	128	67	0.5234375
0.085	0.08444166666666669	3.418688035612723	0.9183333333333333	51	stCNASim-rs_N	6:33085832	51	21	0.4117647058823529
0.655	0.665975	1.245912844709158	0.5233333333333333	393	stCNASim-rs_N	6:33299895	393	218	0.55470737913486
0.11	0.15456666666666669	3.574087947990361	0.9066666666666666	66	stCNASim-rs_N	6:34877871	66	26	0.3939393939393939
0.2	0.1966666666666667	2.217355781499667	0.8183333333333334	120	stCNASim-rs_N	6:35573655	120	47	0.39166666666666666
0.2683333333333333	0.27299722222222217	1.9471727728399968	0.765	161	stCNASim-rs_N	6:36602589	161	81	0.5031055900621118
0.028333333333333332	0.030863888888888892	6.200513407018874	0.9733333333333334	17	stCNASim-rs_N	6:37028997	17	3	0.17647058823529413
0.13	0.15643333333333334	3.0424349199563205	0.8866666666666667	78	stCNASim-rs_N	6:37483138	78	46	0.5897435897435898
0.08666666666666667	0.09248888888888888	3.5090752968609267	0.92	52	stCNASim-rs_N	6:42206873	52	34	0.6538461538461539
0.025	0.024374999999999997	6.244997973418406	0.975	15	stCNASim-rs_N	6:42208189	15	2	0.13333333333333333
0.06	0.06306666666666667	4.185512926765782	0.9433333333333334	36	stCNASim-rs_N	6:42691211	36	15	0.4166666666666667
0.06833333333333333	0.07366388888888888	3.971867153710484	0.935	41	stCNASim-rs_N	6:43181249	41	18	0.43902439024390244
0.325	0.3827083333333333	1.9034899945904609	0.745	195	stCNASim-rs_N	6:44233997	195	83	0.4256410256410256
0.06333333333333334	0.06932222222222223	4.157228454376524	0.9416666666666667	38	stCNASim-rs_N	6:44254310	38	21	0.5526315789473685
0.08666666666666667	0.0824888888888889	3.3139475697974476	0.915	52	stCNASim-rs_N	6:49430402	52	24	0.46153846153846156
0.045	0.052975000000000015	5.114733004848996	0.96	27	stCNASim-rs_N	6:53631204	27	14	0.5185185185185185
0.03166666666666667	0.037330555555555554	6.101405295445107	0.9716666666666667	19	stCNASim-rs_N	6:69675817	19	10	0.5263157894736842
0.145	0.143975	2.616830187147589	0.865	87	stCNASim-rs_N	6:85495605	87	32	0.367816091954023
0.03666666666666667	0.04532222222222223	5.806095384832745	0.9683333333333334	22	stCNASim-rs_N	6:87514446	22	12	0.5454545454545454
0.04666666666666667	0.061155555555555546	5.299210557499236	0.96	28	stCNASim-rs_N	6:87675301	28	12	0.42857142857142855
0.043333333333333335	0.044788888888888885	4.883858197760319	0.9583333333333334	26	stCNASim-rs_N	6:96891202	26	13	0.5
0.06166666666666667	0.061197222222222236	4.0115792889991635	0.94	37	stCNASim-rs_N	6:109366911	37	27	0.7297297297297297
0.09	0.0919	3.3683347498627656	0.915	54	stCNASim-rs_N	6:109367335	54	28	0.5185185185185185
0.02	0.019599999999999996	6.999999964999999	0.98	12	stCNASim-rs_N	6:109368704	12	6	0.5
0.051666666666666666	0.05233055555555554	4.427588271890786	0.95	31	stCNASim-rs_N	6:110391839	31	18	0.5806451612903226
0.03666666666666667	0.03532222222222223	5.1256928438428195	0.9633333333333334	22	stCNASim-rs_N	6:117549729	22	8	0.36363636363636365
0.03166666666666667	0.03399722222222223	5.822632297963545	0.97	19	stCNASim-rs_N	6:119179074	19	5	0.2631578947368421
0.07333333333333333	0.07462222222222223	3.7250547673836305	0.93	44	stCNASim-rs_N	6:130834962	44	16	0.36363636363636365
0.05	0.04749999999999999	4.358898934822874	0.95	30	stCNASim-rs_N	6:130835086	30	16	0.5333333333333333
0.02666666666666667	0.025955555555555558	6.041522964141575	0.9733333333333334	16	stCNASim-rs_N	6:144852962	16	4	0.25
0.023333333333333334	0.026122222222222224	6.9267302116858165	0.9783333333333334	14	stCNASim-rs_N	6:156936239	14	7	0.5
0.32666666666666666	0.3699555555555556	1.861958322361775	0.7333333333333333	196	stCNASim-rs_N	6:159778994	196	109	0.5561224489795918
0.37833333333333335	0.43519722222222224	1.7436866817016654	0.71	227	stCNASim-rs_N	6:160752914	227	54	0.23788546255506607
0.041666666666666664	0.04993055555555557	5.362835058245966	0.9633333333333334	25	stCNASim-rs_N	6:167042141	25	12	0.48
0.02	0.019599999999999996	6.999999964999999	0.98	12	stCNASim-rs_N	6:170404863	12	5	0.4166666666666667
0.06	0.05973333333333334	4.073400610949524	0.9416666666666667	36	stCNASim-rs_N	6:170577443	36	14	0.3888888888888889
0.38	0.42893333333333333	1.723500056670537	0.6966666666666667	228	stCNASim-rs_N	7:260547	228	105	0.4605263157894737
0.11833333333333333	0.1309972222222222	3.0586088766503425	0.895	71	stCNASim-rs_N	7:997163	71	38	0.5352112676056338
0.056666666666666664	0.056788888888888896	4.205368122394087	0.945	34	stCNASim-rs_N	7:2538147	34	20	0.5882352941176471
0.07833333333333334	0.07553055555555556	3.508445474445894	0.9233333333333333	47	stCNASim-rs_N	7:6023652	47	25	0.5319148936170213
0.10833333333333334	0.10993055555555555	3.0605332685714712	0.8983333333333333	65	stCNASim-rs_N	7:6656367	65	32	0.49230769230769234
0.016666666666666666	0.01638888888888889	7.681145701781734	0.9833333333333333	10	stCNASim-rs_N	7:12237259	10	9	0.9
0.11	0.15789999999999996	3.6124211760442577	0.9033333333333333	66	stCNASim-rs_N	7:30757354	66	34	0.5151515151515151
0.045	0.04630833333333335	4.782082460138544	0.9566666666666667	27	stCNASim-rs_N	7:36299517	27	10	0.37037037037037035
0.025	0.024374999999999994	6.244997973418404	0.975	15	stCNASim-rs_N	7:38230514	15	2	0.13333333333333333
0.03	0.032433333333333335	6.003085606318647	0.9716666666666667	18	stCNASim-rs_N	7:44220107	18	10	0.5555555555555556
0.14333333333333334	0.14612222222222224	2.66692580130467	0.8683333333333333	86	stCNASim-rs_N	7:45076174	86	43	0.5
0.115	0.12177500000000002	3.0344586819551207	0.895	69	stCNASim-rs_N	7:45100293	69	35	0.5072463768115942
0.1	0.10333333333333335	3.214550250449768	0.9066666666666666	60	stCNASim-rs_N	7:45100320	60	30	0.5
0.23666666666666666	0.2673222222222222	2.184642796867367	0.7983333333333333	142	stCNASim-rs_N	7:50458521	142	77	0.5422535211267606
0.09166666666666666	0.09326388888888888	3.3315422148762623	0.9133333333333333	55	stCNASim-rs_N	7:50592707	55	25	0.45454545454545453
0.02666666666666667	0.025955555555555555	6.041522964141574	0.9733333333333334	16	stCNASim-rs_N	7:55433555	16	8	0.5
0.03666666666666667	0.03532222222222223	5.1256928438428195	0.9633333333333334	22	stCNASim-rs_N	7:55433582	22	8	0.36363636363636365
0.02	0.019599999999999996	6.999999964999999	0.98	12	stCNASim-rs_N	7:55956365	12	8	0.6666666666666666
0.36666666666666664	0.34888888888888886	1.6109131947124191	0.685	220	stCNASim-rs_N	7:65960907	220	126	0.5727272727272728
0.03666666666666667	0.03532222222222223	5.1256928438428195	0.9633333333333334	22	stCNASim-rs_N	7:66093491	22	12	0.5454545454545454
0.11833333333333333	0.11433055555555557	2.85741985549835	0.8866666666666667	71	stCNASim-rs_N	7:76066590	71	47	0.6619718309859155
0.04	0.03840000000000001	4.898979473318908	0.96	24	stCNASim-rs_N	7:76505817	24	15	0.625
0.08666666666666667	0.0824888888888889	3.3139475697974476	0.915	52	stCNASim-rs_N	7:80676955	52	27	0.5192307692307693
0.03166666666666667	0.03399722222222223	5.822632297963545	0.97	19	stCNASim-rs_N	7:90415631	19	5	0.2631578947368421
0.04	0.04506666666666667	5.3072277627621505	0.9633333333333334	24	stCNASim-rs_N	7:92458002	24	5	0.20833333333333334
0.505	0.6166416666666666	1.5549808866910617	0.625	303	stCNASim-rs_N	7:95298396	303	147	0.48514851485148514
0.885	1.0951083333333334	1.1824567673370352	0.46166666666666667	531	stCNASim-rs_N	7:98291311	531	151	0.2843691148775895
0.3433333333333333	0.35878888888888893	1.7446307484424195	0.72	206	stCNASim-rs_N	7:101138164	206	70	0.33980582524271846
2.2733333333333334	3.5119555555555553	0.8243495128736552	0.16	1364	stCNASim-rs_N	7:101139179	1364	663	0.48607038123167157
0.22	0.23159999999999997	2.187492620008588	0.81	132	stCNASim-rs_N	7:101161149	132	57	0.4318181818181818
0.055	0.05864166666666667	4.402916631124886	0.9483333333333334	33	stCNASim-rs_N	7:101161261	33	5	0.15151515151515152
0.02	0.019599999999999992	6.999999964999999	0.98	12	stCNASim-rs_N	7:102426426	12	6	0.5
0.021666666666666667	0.021197222222222218	6.719661132604933	0.9783333333333334	13	stCNASim-rs_N	7:110663471	13	3	0.23076923076923078
0.035	0.033775	5.250850256280172	0.965	21	stCNASim-rs_N	7:116258656	21	8	0.38095238095238093
0.045	0.042975000000000006	4.606758310124511	0.955	27	stCNASim-rs_N	7:116506657	27	12	0.4444444444444444
0.105	0.12397499999999999	3.353341309465057	0.9083333333333333	63	stCNASim-rs_N	7:118192084	63	37	0.5873015873015873
0.03666666666666667	0.035322222222222234	5.12569284384282	0.9633333333333334	22	stCNASim-rs_N	7:127580773	22	8	0.36363636363636365
0.028333333333333332	0.02753055555555556	5.856117946642017	0.9716666666666667	17	stCNASim-rs_N	7:128092216	17	9	0.5294117647058824
0.041666666666666664	0.03993055555555557	4.795831511802725	0.9583333333333334	25	stCNASim-rs_N	7:134290431	25	19	0.76
0.2	0.2033333333333334	2.2546248752841347	0.82	120	stCNASim-rs_N	7:143390992	120	49	0.4083333333333333
0.018333333333333333	0.01799722222222222	7.317475928304944	0.9816666666666667	11	stCNASim-rs_N	7:149880331	11	5	0.45454545454545453
0.08833333333333333	0.08719722222222223	3.3429255561697118	0.915	53	stCNASim-rs_N	7:149880502	53	26	0.49056603773584906
0.03166666666666667	0.03066388888888889	5.5298234307517316	0.9683333333333334	19	stCNASim-rs_N	7:150410870	19	10	0.5263157894736842
0.03166666666666667	0.03066388888888889	5.5298234307517316	0.9683333333333334	19	stCNASim-rs_N	7:150410871	19	10	0.5263157894736842
1.9683333333333333	2.917330555555555	0.8677491024277143	0.19	1181	stCNASim-rs_N	7:150791528	1181	582	0.4928027095681626
0.06	0.0664	4.29469956841721	0.945	36	stCNASim-rs_N	7:151378237	36	16	0.4444444444444444
0.023333333333333334	0.022788888888888893	6.469709614686531	0.9766666666666667	14	stCNASim-rs_N	7:151556140	14	6	0.42857142857142855
0.02666666666666667	0.025955555555555558	6.041522964141575	0.9733333333333334	16	stCNASim-rs_N	9:4707519	16	6	0.375
0.25833333333333336	0.30826388888888895	2.1492200256344853	0.79	155	stCNASim-rs_N	9:4711440	155	98	0.632258064516129
0.09166666666666666	0.09326388888888888	3.3315422148762623	0.9133333333333333	55	stCNASim-rs_N	9:4860300	55	30	0.5454545454545454
0.02666666666666667	0.025955555555555558	6.041522964141575	0.9733333333333334	16	stCNASim-rs_N	9:4860643	16	12	0.75
0.02666666666666667	0.025955555555555558	6.041522964141575	0.9733333333333334	16	stCNASim-rs_N	9:6723861	16	1	0.0625
0.29833333333333334	0.29933055555555554	1.8338919541177041	0.7433333333333333	179	stCNASim-rs_N	9:7798435	179	75	0.41899441340782123
0.09833333333333333	0.09533055555555556	3.1398962654748215	0.905	59	stCNASim-rs_N	9:7798518	59	28	0.4745762711864407
0.07166666666666667	0.0798638888888889	3.943283678023632	0.935	43	stCNASim-rs_N	9:14087770	43	11	0.2558139534883721
0.3233333333333333	0.34545555555555557	1.8177979569651093	0.73	194	stCNASim-rs_N	9:33110841	194	97	0.5
0.07666666666666666	0.09078888888888888	3.930155814139036	0.9316666666666666	46	stCNASim-rs_N	9:34368986	46	18	0.391304347826087
0.043333333333333335	0.04145555555555555	4.698608621180273	0.9566666666666667	26	stCNASim-rs_N	9:34369064	26	13	0.5
0.13333333333333333	0.14222222222222225	2.82842712262487	0.8783333333333333	80	stCNASim-rs_N	9:36211830	80	42	0.525
0.03	0.029099999999999994	5.686240684123191	0.97	18	stCNASim-rs_N	9:37358089	18	4	0.2222222222222222
0.035	0.03710833333333333	5.50386380951624	0.9666666666666667	21	stCNASim-rs_N	9:37780561	21	9	0.42857142857142855
0.023333333333333334	0.022788888888888893	6.469709614686531	0.9766666666666667	14	stCNASim-rs_N	9:37861797	14	3	0.21428571428571427
0.03	0.032433333333333335	6.003085606318647	0.9716666666666667	18	stCNASim-rs_N	9:37863199	18	14	0.7777777777777778
0.03333333333333333	0.032222222222222215	5.385164790979009	0.9666666666666667	20	stCNASim-rs_N	9:37919746	20	11	0.55
0.02666666666666667	0.025955555555555558	6.041522964141575	0.9733333333333334	16	stCNASim-rs_N	9:71973409	16	11	0.6875
0.03666666666666667	0.03865555555555556	5.362095295579241	0.965	22	stCNASim-rs_N	9:75146726	22	13	0.5909090909090909
0.03833333333333333	0.04019722222222222	5.230237793915849	0.9633333333333334	23	stCNASim-rs_N	9:89316518	23	4	0.17391304347826086
0.05	0.04749999999999999	4.358898934822874	0.95	30	stCNASim-rs_N	9:92711437	30	8	0.26666666666666666
0.9016666666666666	1.2319972222222224	1.2310022579834659	0.445	541	stCNASim-rs_N	9:94603360	541	307	0.5674676524953789
0.09	0.08856666666666667	3.3066835884769348	0.9133333333333333	54	stCNASim-rs_N	9:95086808	54	34	0.6296296296296297
0.5066666666666667	0.5432888888888889	1.4547657850902702	0.6166666666666667	304	stCNASim-rs_N	9:101420658	304	127	0.41776315789473684
5.486666666666666	13.46648888888889	0.6688344160349866	0.03	3292	stCNASim-rs_N	9:101421740	3292	1554	0.47205346294046174
0.03166666666666667	0.030663888888888893	5.5298234307517316	0.9683333333333334	19	stCNASim-rs_N	9:109946491	19	6	0.3157894736842105
0.19	0.2105666666666667	2.4151338775886497	0.8366666666666667	114	stCNASim-rs_N	9:111562668	114	45	0.39473684210526316
0.075	0.07604166666666666	3.6767537968252832	0.9283333333333333	45	stCNASim-rs_N	9:112218687	45	16	0.35555555555555557
0.05333333333333334	0.060488888888888884	4.6114666777776785	0.9516666666666667	32	stCNASim-rs_N	9:113264080	32	18	0.5625
0.29333333333333333	0.3406222222222222	1.9896426018889208	0.7633333333333333	176	stCNASim-rs_N	9:113386350	176	81	0.4602272727272727
0.08	0.0836	3.61420806918248	0.925	48	stCNASim-rs_N	9:114311308	48	20	0.4166666666666667
0.18333333333333332	0.19638888888888892	2.417224689646665	0.8366666666666667	110	stCNASim-rs_N	9:122144177	110	39	0.35454545454545455
0.043333333333333335	0.04812222222222221	5.06233333717089	0.96	26	stCNASim-rs_N	9:124352210	26	13	0.5
0.025	0.027708333333333335	6.65832809184608	0.9766666666666667	15	stCNASim-rs_N	9:125146790	15	2	0.13333333333333333
0.02666666666666667	0.025955555555555558	6.041522964141575	0.9733333333333334	16	stCNASim-rs_N	9:125146810	16	1	0.0625
0.05	0.04749999999999999	4.358898934822874	0.95	30	stCNASim-rs_N	9:125233767	30	12	0.4
0.04	0.045066666666666665	5.30722776276215	0.9633333333333334	24	stCNASim-rs_N	9:125235024	24	9	0.375
0.16666666666666666	0.17222222222222225	2.4899799181037587	0.85	100	stCNASim-rs_N	9:127407595	100	61	0.61
0.028333333333333332	0.02753055555555556	5.856117946642017	0.9716666666666667	17	stCNASim-rs_N	9:127407721	17	13	0.7647058823529411
0.04666666666666667	0.05448888888888888	5.002040389284654	0.9566666666666667	28	stCNASim-rs_N	9:127505577	28	8	0.2857142857142857
0.023333333333333334	0.026122222222222224	6.9267302116858165	0.9783333333333334	14	stCNASim-rs_N	9:127790085	14	5	0.35714285714285715
0.10333333333333333	0.11932222222222222	3.3428756896412124	0.9083333333333333	62	stCNASim-rs_N	9:127813796	62	33	0.532258064516129
0.03	0.032433333333333335	6.003085606318647	0.9716666666666667	18	stCNASim-rs_N	9:130139940	18	14	0.7777777777777778
0.065	0.06410833333333334	3.8953266837373164	0.9366666666666666	39	stCNASim-rs_N	9:131576983	39	16	0.41025641025641024
0.09833333333333333	0.09866388888888887	3.1943195024178683	0.9066666666666666	59	stCNASim-rs_N	9:133058374	59	28	0.4745762711864407
0.305	0.311975	1.8313023689492023	0.7366666666666667	183	stCNASim-rs_N	9:133663599	183	106	0.5792349726775956
0.12833333333333333	0.13519722222222222	2.8651305088151355	0.8833333333333333	77	stCNASim-rs_N	9:135504405	77	63	0.8181818181818182
0.02	0.019599999999999996	6.999999964999999	0.98	12	stCNASim-rs_N	9:135933271	12	7	0.5833333333333334
0.07	0.07843333333333333	4.00085024405497	0.9366666666666666	42	stCNASim-rs_N	9:136375697	42	21	0.5
0.09833333333333333	0.09533055555555556	3.1398962654748215	0.905	59	stCNASim-rs_N	9:136402033	59	29	0.4915254237288136
0.09666666666666666	0.10065555555555557	3.2820268637584187	0.91	58	stCNASim-rs_N	9:136423417	58	41	0.7068965517241379
0.2633333333333333	0.24732222222222225	1.8885380235893934	0.7616666666666667	158	stCNASim-rs_N	9:136423527	158	96	0.6075949367088608
0.5083333333333333	0.5432638888888888	1.4499626992878176	0.6133333333333333	305	stCNASim-rs_N	9:136423619	305	192	0.6295081967213115
0.09666666666666666	0.11065555555555555	3.4411996324103717	0.9133333333333333	58	stCNASim-rs_N	9:136672371	58	29	0.5
0.28	0.30826666666666663	1.9829202672591484	0.7666666666666667	168	stCNASim-rs_N	9:136672544	168	84	0.5
0.5583333333333333	0.6265972222222222	1.4177533296113054	0.595	335	stCNASim-rs_N	9:136673235	335	168	0.5014925373134328
0.016666666666666666	0.01638888888888889	7.681145701781734	0.9833333333333333	10	stCNASim-rs_N	9:136723831	10	2	0.2
0.028333333333333332	0.02753055555555556	5.856117946642017	0.9716666666666667	17	stCNASim-rs_N	9:136724914	17	6	0.35294117647058826
0.14	0.1537333333333333	2.80063160800576	0.8766666666666667	84	stCNASim-rs_N	9:137273425	84	60	0.7142857142857143
0.22333333333333333	0.24678888888888886	2.224381391079443	0.8066666666666666	134	scReadSim-cna_N	1:1217251	134	0	0.0
0.22833333333333333	0.23953055555555555	2.143439076301654	0.8	137	scReadSim-cna_N	1:2189679	137	0	0.0
0.025	0.024374999999999997	6.244997973418406	0.975	15	scReadSim-cna_N	1:9268027	15	0	0.0
0.06	0.05973333333333334	4.073400610949524	0.9416666666666667	36	scReadSim-cna_N	1:9848424	36	1	0.027777777777777776
0.03833333333333333	0.03686388888888889	5.008688090792904	0.9616666666666667	23	scReadSim-cna_N	1:11054883	23	0	0.0
0.085	0.09777500000000003	3.6787051989084816	0.925	51	scReadSim-cna_N	1:11106656	51	0	0.0
0.025	0.027708333333333335	6.65832809184608	0.9766666666666667	15	scReadSim-cna_N	1:17407068	15	0	0.0
0.5583333333333333	0.6032638888888888	1.3911056290648505	0.5833333333333334	335	scReadSim-cna_N	1:19282760	335	0	0.0
0.19333333333333333	0.2026222222222222	2.328288526298443	0.8283333333333334	116	scReadSim-cna_N	1:19338963	116	1	0.008620689655172414
0.18333333333333332	0.20305555555555557	2.457910150404008	0.8383333333333334	110	scReadSim-cna_N	1:19339003	110	0	0.0
0.04666666666666667	0.051155555555555544	4.846627262096476	0.9566666666666667	28	scReadSim-cna_N	1:19682387	28	0	0.0
0.03166666666666667	0.030663888888888893	5.5298234307517316	0.9683333333333334	19	scReadSim-cna_N	1:20191733	19	0	0.0
0.041666666666666664	0.0432638888888889	4.991993577758691	0.96	25	scReadSim-cna_N	1:20618562	25	0	0.0
0.028333333333333332	0.02753055555555556	5.856117946642017	0.9716666666666667	17	scReadSim-cna_N	1:20650507	17	0	0.0
0.08333333333333333	0.07972222222222221	3.3882148651536257	0.9183333333333333	50	scReadSim-cna_N	1:20650728	50	0	0.0
0.38166666666666665	0.4093305555555556	1.6763042665420909	0.6816666666666666	229	scReadSim-cna_N	1:20651255	229	0	0.0
0.03166666666666667	0.03399722222222222	5.822632297963545	0.97	19	scReadSim-cna_N	1:20651363	19	0	0.0
0.056666666666666664	0.056788888888888896	4.205368122394087	0.945	34	scReadSim-cna_N	1:23083647	34	0	0.0
0.04666666666666667	0.04782222222222221	4.686062694774643	0.955	28	scReadSim-cna_N	1:25818183	28	0	0.0
0.035	0.03710833333333333	5.50386380951624	0.9666666666666667	21	scReadSim-cna_N	1:25861747	21	0	0.0
0.04666666666666667	0.044488888888888876	4.5197977101879685	0.9533333333333334	28	scReadSim-cna_N	1:26282323	28	0	0.0
0.05	0.04749999999999999	4.358898934822874	0.95	30	scReadSim-cna_N	1:26282337	30	1	0.03333333333333333
0.07666666666666666	0.08412222222222222	3.7831084078340274	0.93	46	scReadSim-cna_N	1:27336175	46	0	0.0
0.03333333333333333	0.035555555555555556	5.656854232521817	0.9683333333333334	20	scReadSim-cna_N	1:27353801	20	0	0.0
0.016666666666666666	0.01638888888888889	7.681145701781734	0.9833333333333333	10	scReadSim-cna_N	1:31434255	10	0	0.0
0.4716666666666667	0.4958638888888889	1.4929527249993044	0.6283333333333333	283	scReadSim-cna_N	1:32231462	283	0	0.0
0.495	0.5033083333333332	1.4332167051731053	0.6083333333333333	297	scReadSim-cna_N	1:32231470	297	0	0.0
0.30666666666666664	0.36595555555555553	1.9726389292742552	0.7583333333333333	184	scReadSim-cna_N	1:33323781	184	0	0.0
0.15166666666666667	0.18199722222222223	2.8128219181619074	0.8716666666666667	91	scReadSim-cna_N	1:33323919	91	0	0.0
0.06833333333333333	0.07366388888888888	3.971867153710484	0.9366666666666666	41	scReadSim-cna_N	1:33323987	41	0	0.0
0.095	0.09264166666666665	3.2039045858443775	0.9083333333333333	57	scReadSim-cna_N	1:34795631	57	0	0.0
0.03333333333333333	0.032222222222222215	5.385164790979009	0.9666666666666667	20	scReadSim-cna_N	1:37455082	20	0	0.0
0.09	0.08856666666666668	3.306683588476935	0.9133333333333333	54	scReadSim-cna_N	1:37493212	54	0	0.0
0.05333333333333334	0.053822222222222216	4.349928152170213	0.9483333333333334	32	scReadSim-cna_N	1:38838323	32	0	0.0
0.028333333333333332	0.02753055555555556	5.856117946642017	0.9716666666666667	17	scReadSim-cna_N	1:39006034	17	0	0.0
0.12	0.10893333333333331	2.7504208409272186	0.8816666666666667	72	scReadSim-cna_N	1:39753608	72	0	0.0
0.12666666666666668	0.13395555555555555	2.889468888521115	0.885	76	scReadSim-cna_N	1:42746440	76	0	0.0
0.055	0.05530833333333335	4.275949776364016	0.9466666666666667	33	scReadSim-cna_N	1:42807170	33	0	0.0
0.023333333333333334	0.022788888888888893	6.469709614686531	0.9766666666666667	14	scReadSim-cna_N	1:45513003	14	0	0.0
0.06	0.056400000000000006	3.9581140224157827	0.94	36	scReadSim-cna_N	1:46635343	36	0	0.0
0.25	0.25083333333333335	2.00333055937423	0.7783333333333333	150	scReadSim-cna_N	1:47149558	150	1	0.006666666666666667
0.3283333333333333	0.35053055555555557	1.8032168820719074	0.7233333333333334	197	scReadSim-cna_N	1:47378792	197	0	0.0
0.028333333333333332	0.030863888888888896	6.2005134070188745	0.9733333333333334	17	scReadSim-cna_N	1:51788121	17	0	0.0
0.07166666666666667	0.07319722222222223	3.7751142036573766	0.9316666666666666	43	scReadSim-cna_N	1:51788192	43	0	0.0
0.09833333333333333	0.09866388888888888	3.1943195024178683	0.9066666666666666	59	scReadSim-cna_N	1:52087086	59	0	0.0
0.058333333333333334	0.054930555555555545	4.017817453233808	0.9416666666666667	35	scReadSim-cna_N	1:53085393	35	0	0.0
0.018333333333333333	0.01799722222222222	7.317475928304944	0.9816666666666667	11	scReadSim-cna_N	1:53214418	11	0	0.0
1.4616666666666667	1.7418638888888889	0.9029397344785351	0.26166666666666666	877	scReadSim-cna_N	1:54849938	877	1	0.0011402508551881414
0.57	0.7084333333333335	1.476640031821847	0.605	342	scReadSim-cna_N	1:59893405	342	0	0.0
0.18	0.19760000000000003	2.469567862060559	0.8433333333333334	108	scReadSim-cna_N	1:65635232	108	0	0.0
0.04	0.03840000000000001	4.898979473318908	0.96	24	scReadSim-cna_N	1:67701808	24	0	0.0
0.03333333333333333	0.032222222222222215	5.385164790979009	0.9666666666666667	20	scReadSim-cna_N	1:68125570	20	0	0.0
0.056666666666666664	0.056788888888888896	4.205368122394087	0.945	34	scReadSim-cna_N	1:74766547	34	0	0.0
0.09	0.11523333333333335	3.7717817297592386	0.9233333333333333	54	scReadSim-cna_N	1:78664009	54	0	0.0
0.6066666666666667	0.8286222222222223	1.5004728954624085	0.595	364	scReadSim-cna_N	1:86862842	364	2	0.005494505494505495
0.39166666666666666	0.4915972222222223	1.7901445395089532	0.7016666666666667	235	scReadSim-cna_N	1:100738939	235	0	0.0
0.10833333333333334	0.11326388888888886	3.106587767333714	0.9	65	scReadSim-cna_N	1:109062683	65	0	0.0
0.06666666666666667	0.06222222222222224	3.741657381161456	0.9333333333333333	40	scReadSim-cna_N	1:109062756	40	0	0.0
0.1	0.11333333333333333	3.3665016427541907	0.9083333333333333	60	scReadSim-cna_N	1:109737079	60	1	0.016666666666666666
0.05	0.04749999999999999	4.358898934822874	0.95	30	scReadSim-cna_N	1:112700426	30	0	0.0
0.10333333333333333	0.10932222222222222	3.1997333364692713	0.905	62	scReadSim-cna_N	1:113982039	62	0	0.0
0.04833333333333333	0.04933055555555555	4.595272337473194	0.9533333333333334	29	scReadSim-cna_N	1:117528667	29	0	0.0
1.0	1.18	1.0862780490113937	0.41	600	scReadSim-cna_N	10:3779135	600	0	0.0
0.25166666666666665	0.2516638888888889	1.9933554808140908	0.7783333333333333	151	scReadSim-cna_N	10:3779369	151	0	0.0
0.025	0.024374999999999994	6.244997973418404	0.975	15	scReadSim-cna_N	10:4979696	15	0	0.0
0.3	0.32	1.8856180825355873	0.75	180	scReadSim-cna_N	10:5638921	180	0	0.0
0.205	0.20630833333333332	2.215667176775541	0.815	123	scReadSim-cna_N	10:5639069	123	0	0.0
0.03666666666666667	0.03865555555555556	5.362095295579241	0.965	22	scReadSim-cna_N	10:5765645	22	0	0.0
0.03666666666666667	0.03865555555555557	5.362095295579242	0.965	22	scReadSim-cna_N	10:5937534	22	0	0.0
0.05	0.04749999999999999	4.358898934822874	0.95	30	scReadSim-cna_N	10:12835510	30	0	0.0
1.005	1.3416416666666664	1.1525299155368782	0.4116666666666667	603	scReadSim-cna_N	10:17237518	603	1	0.001658374792703151
0.03	0.032433333333333335	6.003085606318647	0.9716666666666667	18	scReadSim-cna_N	10:18513378	18	0	0.0
0.08	0.07693333333333333	3.4671073394519025	0.9216666666666666	48	scReadSim-cna_N	10:23119349	48	0	0.0
0.021666666666666667	0.021197222222222218	6.719661132604933	0.9783333333333334	13	scReadSim-cna_N	10:27110930	13	0	0.0
0.07666666666666666	0.08412222222222222	3.7831084078340274	0.93	46	scReadSim-cna_N	10:27539593	46	0	0.0
0.04	0.04506666666666667	5.3072277627621505	0.9633333333333334	24	scReadSim-cna_N	10:42831179	24	0	0.0
0.03166666666666667	0.03399722222222222	5.822632297963545	0.97	19	scReadSim-cna_N	10:58288034	19	0	0.0
0.028333333333333332	0.02753055555555556	5.856117946642017	0.9716666666666667	17	scReadSim-cna_N	10:69016838	17	0	0.0
0.07333333333333333	0.07462222222222223	3.7250547673836305	0.93	44	scReadSim-cna_N	10:69104309	44	0	0.0
0.043333333333333335	0.04145555555555555	4.698608621180273	0.9566666666666667	26	scReadSim-cna_N	10:70299248	26	0	0.0
0.08	0.07693333333333333	3.4671073394519025	0.9216666666666666	48	scReadSim-cna_N	10:79382609	48	0	0.0
0.10833333333333334	0.11326388888888886	3.106587767333714	0.9	65	scReadSim-cna_N	10:80092303	65	0	0.0
0.023333333333333334	0.026122222222222227	6.926730211685817	0.9783333333333334	14	scReadSim-cna_N	10:80522502	14	0	0.0
0.5166666666666667	0.5630555555555556	1.4523295719112173	0.615	310	scReadSim-cna_N	10:86970617	310	1	0.0032258064516129032
0.04	0.04173333333333333	5.107184469246892	0.9616666666666667	24	scReadSim-cna_N	10:89015534	24	0	0.0
0.04666666666666667	0.051155555555555544	4.846627262096476	0.9566666666666667	28	scReadSim-cna_N	10:94735475	28	0	0.0
0.355	0.3856416666666667	1.7492972861788483	0.7116666666666667	213	scReadSim-cna_N	10:94735727	213	0	0.0
0.315	0.3724416666666667	1.937396794264084	0.745	189	scReadSim-cna_N	10:94736036	189	0	0.0
0.13833333333333334	0.14586388888888888	2.760876955335498	0.8733333333333333	83	scReadSim-cna_N	10:94942580	83	0	0.0
0.04833333333333333	0.05599722222222221	4.895944585548364	0.955	29	scReadSim-cna_N	10:95311992	29	0	0.0
0.021666666666666667	0.024530555555555552	7.228723081393685	0.98	13	scReadSim-cna_N	10:103088366	13	0	0.0
0.08	0.08026666666666667	3.5414215557191864	0.9233333333333333	48	scReadSim-cna_N	10:110286442	48	0	0.0
0.03	0.0291	5.686240684123191	0.97	18	scReadSim-cna_N	10:113589157	18	0	0.0
0.041666666666666664	0.03993055555555557	4.795831511802725	0.9583333333333334	25	scReadSim-cna_N	10:117277498	25	0	0.0
0.06833333333333333	0.07033055555555554	3.8809622378566133	0.935	41	scReadSim-cna_N	10:117277560	41	0	0.0
0.22	0.2449333333333334	2.249579084185642	0.8133333333333334	132	scReadSim-cna_N	10:119168032	132	0	0.0
0.08166666666666667	0.08166388888888887	3.4992115449154144	0.9216666666666666	49	scReadSim-cna_N	10:119941648	49	1	0.02040816326530612
0.41333333333333333	0.47582222222222226	1.6688677795637044	0.68	248	scReadSim-cna_N	10:124614028	248	0	0.0
0.085	0.08777500000000002	3.485511282258351	0.92	51	scReadSim-cna_N	10:125836503	51	0	0.0
25.69333333333333	210.12595555555558	0.5641822252551072	0.0	15416	scReadSim-cna_N	10:133539005	15416	29	0.001881162428645563
24.106666666666666	189.2452888888889	0.5706572979602788	0.0	14464	scReadSim-cna_N	10:133539010	14464	44	0.0030420353982300885
0.08666666666666667	0.08915555555555557	3.4452608693414213	0.9183333333333333	52	scReadSim-cna_N	11:252649	52	1	0.019230769230769232
0.195	0.18697499999999997	2.21746696892431	0.82	117	scReadSim-cna_N	11:252733	117	0	0.0
0.19666666666666666	0.1913222222222222	2.2240879194391874	0.82	118	scReadSim-cna_N	11:252735	118	0	0.0
0.235	0.24977500000000002	2.1267019112320673	0.7933333333333333	141	scReadSim-cna_N	11:252941	141	0	0.0
0.04833333333333333	0.04599722222222222	4.437302681916048	0.9516666666666667	29	scReadSim-cna_N	11:295343	29	0	0.0
0.30833333333333335	0.3365972222222222	1.8816324131572493	0.7433333333333333	185	scReadSim-cna_N	11:295527	185	0	0.0
0.13833333333333334	0.14586388888888888	2.760876955335498	0.8733333333333333	83	scReadSim-cna_N	11:295670	83	0	0.0
0.20166666666666666	0.20099722222222222	2.223109771643034	0.8166666666666667	121	scReadSim-cna_N	11:309127	121	0	0.0
0.021666666666666667	0.024530555555555552	7.228723081393685	0.98	13	scReadSim-cna_N	11:824789	13	0	0.0
0.3516666666666667	0.37799722222222226	1.748288493129811	0.715	211	scReadSim-cna_N	11:825110	211	1	0.004739336492890996
0.705	0.757975	1.2349185769619435	0.5066666666666667	423	scReadSim-cna_N	11:838672	423	1	0.002364066193853428
1.02	1.2762666666666667	1.1075683619055463	0.4033333333333333	612	scReadSim-cna_N	11:840363	612	1	0.0016339869281045752
0.04	0.03840000000000001	4.898979473318908	0.96	24	scReadSim-cna_N	11:866794	24	0	0.0
0.075	0.07604166666666667	3.676753796825284	0.9283333333333333	45	scReadSim-cna_N	11:870446	45	0	0.0
0.043333333333333335	0.044788888888888885	4.883858197760319	0.9583333333333334	26	scReadSim-cna_N	11:3826200	26	0	0.0
0.085	0.07777500000000001	3.2809611178775375	0.915	51	scReadSim-cna_N	11:5663657	51	0	0.0
0.018333333333333333	0.017997222222222223	7.317475928304944	0.9816666666666667	11	scReadSim-cna_N	11:5710519	11	0	0.0
0.051666666666666666	0.04899722222222221	4.284254735496762	0.9483333333333334	31	scReadSim-cna_N	11:5710797	31	0	0.0
0.05	0.04749999999999999	4.358898934822874	0.95	30	scReadSim-cna_N	11:5710798	30	0	0.0
0.43333333333333335	0.4188888888888888	1.4935759872666823	0.64	260	scReadSim-cna_N	11:8685686	260	0	0.0
0.025	0.024374999999999997	6.244997973418406	0.975	15	scReadSim-cna_N	11:10558089	15	0	0.0
0.10166666666666667	0.10133055555555555	3.131061707184953	0.9033333333333333	61	scReadSim-cna_N	11:10779639	61	0	0.0
0.03833333333333333	0.04019722222222222	5.230237793915849	0.9633333333333334	23	scReadSim-cna_N	11:12529850	23	0	0.0
0.02	0.019599999999999996	6.999999964999999	0.98	12	scReadSim-cna_N	11:17788092	12	0	0.0
0.06166666666666667	0.061197222222222236	4.0115792889991635	0.94	37	scReadSim-cna_N	11:17788177	37	0	0.0
0.03833333333333333	0.03686388888888889	5.008688090792904	0.9616666666666667	23	scReadSim-cna_N	11:18366581	23	0	0.0
0.12	0.13226666666666664	3.0307070412490456	0.8933333333333333	72	scReadSim-cna_N	11:20383589	72	0	0.0
0.6883333333333334	0.7611972222222222	1.2675053352214174	0.5216666666666666	413	scReadSim-cna_N	11:32105392	413	0	0.0
0.11	0.11456666666666668	3.077063460836244	0.8983333333333333	66	scReadSim-cna_N	11:33705434	66	0	0.0
0.12833333333333333	0.12853055555555556	2.793596752932408	0.88	77	scReadSim-cna_N	11:33708715	77	0	0.0
0.24166666666666667	0.24326388888888886	2.0409016208048256	0.785	145	scReadSim-cna_N	11:43856384	145	0	0.0
0.21	0.23590000000000003	2.312835131199772	0.8216666666666667	126	scReadSim-cna_N	11:49146748	126	0	0.0
0.145	0.13730833333333328	2.555526832360177	0.8616666666666667	87	scReadSim-cna_N	11:57484855	87	0	0.0
0.5383333333333333	0.5751972222222222	1.4088252215429355	0.5866666666666667	323	scReadSim-cna_N	11:58956265	323	2	0.006191950464396285
0.19333333333333333	0.2226222222222222	2.4404927269060206	0.83	116	scReadSim-cna_N	11:59209161	116	0	0.0
0.12	0.1156	2.833333330972222	0.885	72	scReadSim-cna_N	11:59209238	72	0	0.0
0.055	0.055308333333333334	4.2759497763640155	0.9466666666666667	33	scReadSim-cna_N	11:59636914	33	0	0.0
0.043333333333333335	0.041455555555555544	4.698608621180272	0.9566666666666667	26	scReadSim-cna_N	11:60389634	26	0	0.0
0.035	0.033775	5.250850256280172	0.965	21	scReadSim-cna_N	11:60389693	21	0	0.0
0.02	0.019599999999999996	6.999999964999999	0.98	12	scReadSim-cna_N	11:60394776	12	0	0.0
0.035	0.033775	5.250850256280172	0.965	21	scReadSim-cna_N	11:61802358	21	1	0.047619047619047616
0.023333333333333334	0.026122222222222227	6.926730211685817	0.9783333333333334	14	scReadSim-cna_N	11:63304838	14	0	0.0
0.03166666666666667	0.03066388888888889	5.5298234307517316	0.9683333333333334	19	scReadSim-cna_N	11:64853046	19	0	0.0
0.25833333333333336	0.26493055555555556	1.9924414917038624	0.7766666666666666	155	scReadSim-cna_N	11:65439446	155	1	0.0064516129032258064
0.16833333333333333	0.17333055555555554	2.4732467146296955	0.8466666666666667	101	scReadSim-cna_N	11:65439998	101	1	0.009900990099009901
1.0116666666666667	1.138197222222222	1.054560062300438	0.395	607	scReadSim-cna_N	11:65440647	607	2	0.0032948929159802307
0.15333333333333332	0.14648888888888892	2.496121753921195	0.855	92	scReadSim-cna_N	11:65592439	92	0	0.0
0.3616666666666667	0.3675305555555555	1.676247881350567	0.7033333333333334	217	scReadSim-cna_N	11:65597847	217	0	0.0
0.11166666666666666	0.11919722222222225	3.091786628877948	0.8983333333333333	67	scReadSim-cna_N	11:66337522	67	0	0.0
0.14833333333333334	0.15299722222222226	2.6369568085517487	0.865	89	scReadSim-cna_N	11:69492939	89	1	0.011235955056179775
0.14666666666666667	0.1418222222222222	2.567678951430873	0.8616666666666667	88	scReadSim-cna_N	11:70436523	88	0	0.0
0.21166666666666667	0.1968638888888889	2.09618958681455	0.8033333333333333	127	scReadSim-cna_N	11:72003032	127	1	0.007874015748031496
0.018333333333333333	0.02133055555555556	7.966354826709253	0.9833333333333333	11	scReadSim-cna_N	11:75205650	11	0	0.0
0.06	0.05973333333333334	4.073400610949524	0.9416666666666667	36	scReadSim-cna_N	11:75205802	36	0	0.0
0.14666666666666667	0.15182222222222222	2.65666167022545	0.8666666666666667	88	scReadSim-cna_N	11:75800527	88	1	0.011363636363636364
0.055	0.055308333333333334	4.2759497763640155	0.9466666666666667	33	scReadSim-cna_N	11:85636371	33	0	0.0
0.04666666666666667	0.04782222222222221	4.686062694774643	0.955	28	scReadSim-cna_N	11:95832124	28	0	0.0
0.035	0.033775	5.250850256280172	0.965	21	scReadSim-cna_N	11:95832625	21	0	0.0
0.03833333333333333	0.036863888888888884	5.008688090792903	0.9616666666666667	23	scReadSim-cna_N	11:102520694	23	0	0.0
0.025	0.024374999999999994	6.244997973418404	0.975	15	scReadSim-cna_N	11:104943160	15	0	0.0
0.023333333333333334	0.022788888888888893	6.469709614686531	0.9766666666666667	14	scReadSim-cna_N	11:106098374	14	0	0.0
0.056666666666666664	0.056788888888888896	4.205368122394087	0.945	34	scReadSim-cna_N	11:106098531	34	0	0.0
0.028333333333333332	0.02753055555555556	5.856117946642017	0.9716666666666667	17	scReadSim-cna_N	11:108368901	17	0	0.0
0.025	0.024374999999999994	6.244997973418404	0.975	15	scReadSim-cna_N	11:111883850	15	0	0.0
0.016666666666666666	0.01638888888888889	7.681145701781734	0.9833333333333333	10	scReadSim-cna_N	11:113798135	10	0	0.0
0.7433333333333333	0.8874555555555556	1.26732994841286	0.49	446	scReadSim-cna_N	11:116789970	446	0	0.0
1.845	2.457641666666667	0.8496947016652084	0.19333333333333333	1107	scReadSim-cna_N	11:116830819	1107	1	0.0009033423667570009
73.73833333333333	1062.9165305555555	0.4421363924727563	0.0	44243	scReadSim-cna_N	11:116832924	44243	26	0.0005876635851999187
76.305	1157.9353083333333	0.4459530635592261	0.0	45783	scReadSim-cna_N	11:116832955	45783	52	0.0011357927615053623
0.07166666666666667	0.08319722222222223	4.024734230073277	0.9366666666666666	43	scReadSim-cna_N	11:117820203	43	0	0.0
0.12833333333333333	0.15519722222222224	3.069746386298	0.89	77	scReadSim-cna_N	11:118001371	77	0	0.0
0.04	0.045066666666666665	5.30722776276215	0.9633333333333334	24	scReadSim-cna_N	11:118657756	24	0	0.0
0.08333333333333333	0.08305555555555555	3.458323289008129	0.92	50	scReadSim-cna_N	11:118747911	50	0	0.0
0.10166666666666667	0.1046638888888889	3.1821441461385622	0.905	61	scReadSim-cna_N	11:118791319	61	0	0.0
0.10166666666666667	0.09466388888888888	3.0263112049146614	0.9	61	scReadSim-cna_N	11:119023577	61	0	0.0
0.6933333333333334	0.7959555555555556	1.2867741532280867	0.5216666666666666	416	scReadSim-cna_N	11:119024492	416	0	0.0
0.028333333333333332	0.02753055555555556	5.856117946642017	0.9716666666666667	17	scReadSim-cna_N	11:119024785	17	0	0.0
0.13666666666666666	0.15798888888888887	2.908376789514532	0.8816666666666667	82	scReadSim-cna_N	11:119096581	82	0	0.0
0.023333333333333334	0.026122222222222227	6.926730211685817	0.9783333333333334	14	scReadSim-cna_N	11:119096814	14	0	0.0
1.4566666666666668	1.9314555555555553	0.9540742558508899	0.2783333333333333	874	scReadSim-cna_N	11:120229811	874	1	0.0011441647597254005
1.2	1.4433333333333334	1.0011567383021314	0.33	720	scReadSim-cna_N	11:120229888	720	2	0.002777777777777778
0.05333333333333334	0.05048888888888889	4.213074878688664	0.9466666666666667	32	scReadSim-cna_N	11:120230158	32	0	0.0
0.056666666666666664	0.056788888888888896	4.205368122394087	0.945	34	scReadSim-cna_N	11:124884244	34	0	0.0
0.02666666666666667	0.025955555555555558	6.041522964141575	0.9733333333333334	16	scReadSim-cna_N	11:125097259	16	1	0.0625
0.04666666666666667	0.04448888888888888	4.5197977101879685	0.9533333333333334	28	scReadSim-cna_N	11:125893851	28	0	0.0
0.043333333333333335	0.044788888888888885	4.883858197760319	0.9583333333333334	26	scReadSim-cna_N	11:129859423	26	1	0.038461538461538464
0.03166666666666667	0.030663888888888893	5.5298234307517316	0.9683333333333334	19	scReadSim-cna_N	11:130210142	19	0	0.0
0.04	0.038400000000000004	4.898979473318907	0.96	24	scReadSim-cna_N	11:130210170	24	0	0.0
0.03166666666666667	0.03066388888888889	5.5298234307517316	0.9683333333333334	19	scReadSim-cna_N	12:1786206	19	0	0.0
0.09666666666666666	0.10065555555555555	3.282026863758418	0.91	58	scReadSim-cna_N	12:6866342	58	0	0.0
0.31333333333333335	0.32515555555555553	1.8198642360441364	0.735	188	scReadSim-cna_N	12:7127589	188	1	0.005319148936170213
0.09833333333333333	0.09866388888888887	3.1943195024178683	0.9066666666666666	59	scReadSim-cna_N	12:7128284	59	0	0.0
0.07666666666666666	0.07412222222222221	3.551138687582474	0.925	46	scReadSim-cna_N	12:7158738	46	0	0.0
0.043333333333333335	0.044788888888888885	4.883858197760319	0.9583333333333334	26	scReadSim-cna_N	12:10116823	26	0	0.0
0.06666666666666667	0.0788888888888889	4.213074880268568	0.9416666666666667	40	scReadSim-cna_N	12:10116845	40	0	0.0
0.185	0.180775	2.298250993168231	0.8283333333333334	111	scReadSim-cna_N	12:10699173	111	0	0.0
0.025	0.024375	6.244997973418406	0.975	15	scReadSim-cna_N	12:14882147	15	0	0.0
1.1033333333333333	1.2426555555555554	1.0103425508142856	0.35333333333333333	662	scReadSim-cna_N	12:16364060	662	5	0.0075528700906344415
0.035	0.033775	5.250850256280172	0.965	21	scReadSim-cna_N	12:40368149	21	0	0.0
0.18166666666666667	0.18533055555555558	2.3697267228296273	0.8366666666666667	109	scReadSim-cna_N	12:48829936	109	1	0.009174311926605505
0.023333333333333334	0.026122222222222224	6.9267302116858165	0.9783333333333334	14	scReadSim-cna_N	12:49558611	14	0	0.0
0.02	0.019599999999999996	6.999999964999999	0.98	12	scReadSim-cna_N	12:49644509	12	0	0.0
3.0183333333333335	4.367997222222223	0.6924269724354525	0.06833333333333333	1811	scReadSim-cna_N	12:49764761	1811	2	0.0011043622308117063
0.025	0.027708333333333328	6.658328091846079	0.9766666666666667	15	scReadSim-cna_N	12:54286558	15	0	0.0
0.06666666666666667	0.06888888888888889	3.9370039311004	0.9366666666666666	40	scReadSim-cna_N	12:57095865	40	0	0.0
0.03833333333333333	0.04353055555555555	5.442776715148326	0.965	23	scReadSim-cna_N	12:57096045	23	0	0.0
0.12833333333333333	0.1218638888888889	2.7201824945112985	0.875	77	scReadSim-cna_N	12:66137052	77	0	0.0
0.03	0.0291	5.686240684123191	0.97	18	scReadSim-cna_N	12:75499619	18	0	0.0
0.025	0.024374999999999997	6.244997973418406	0.975	15	scReadSim-cna_N	12:79592094	15	0	0.0
0.2866666666666667	0.36115555555555556	2.0963797368941814	0.775	172	scReadSim-cna_N	12:91145898	172	0	0.0
1.13	1.4897666666666667	1.0801415758104764	0.375	678	scReadSim-cna_N	12:95972733	678	7	0.01032448377581121
0.18166666666666667	0.20199722222222222	2.4739872142549175	0.8416666666666667	109	scReadSim-cna_N	12:95972991	109	0	0.0
0.16333333333333333	0.16332222222222223	2.4742741317339125	0.8483333333333334	98	scReadSim-cna_N	12:102396074	98	0	0.0
0.02	0.019599999999999992	6.999999964999999	0.98	12	scReadSim-cna_N	12:103772465	12	0	0.0
0.041666666666666664	0.046597222222222234	5.180733526361688	0.9616666666666667	25	scReadSim-cna_N	12:103947325	25	0	0.0
0.02	0.019599999999999996	6.999999964999999	0.98	12	scReadSim-cna_N	12:103951345	12	0	0.0
0.04	0.041733333333333344	5.107184469246893	0.9616666666666667	24	scReadSim-cna_N	12:105173353	24	0	0.0
0.025	0.024374999999999994	6.244997973418404	0.975	15	scReadSim-cna_N	12:106509896	15	0	0.0
0.041666666666666664	0.03993055555555557	4.795831511802725	0.9583333333333334	25	scReadSim-cna_N	12:109448798	25	0	0.0
0.205	0.19964166666666666	2.179574569886627	0.8133333333333334	123	scReadSim-cna_N	12:109557065	123	0	0.0
0.09833333333333333	0.1119972222222222	3.4033206116768913	0.9116666666666666	59	scReadSim-cna_N	12:113192144	59	0	0.0
0.03	0.0291	5.686240684123191	0.97	18	scReadSim-cna_N	12:113298311	18	0	0.0
0.175	0.19104166666666667	2.497617911323905	0.8433333333333334	105	scReadSim-cna_N	12:120127384	105	0	0.0
0.14666666666666667	0.14515555555555557	2.5976785549978643	0.8633333333333333	88	scReadSim-cna_N	12:120503412	88	0	0.0
0.035	0.03710833333333333	5.50386380951624	0.9666666666666667	21	scReadSim-cna_N	12:121641762	21	0	0.0
0.016666666666666666	0.01638888888888889	7.681145701781734	0.9833333333333333	10	scReadSim-cna_N	12:121857429	10	0	0.0
0.043333333333333335	0.04145555555555555	4.698608621180273	0.9566666666666667	26	scReadSim-cna_N	12:122147205	26	0	0.0
0.12166666666666667	0.11686388888888889	2.8097556749087573	0.8833333333333333	73	scReadSim-cna_N	12:122271637	73	1	0.0136986301369863
1.5383333333333333	2.0685305555555558	0.9349330654354897	0.26666666666666666	923	scReadSim-cna_N	12:132704890	923	1	0.0010834236186348862
0.045	0.04630833333333335	4.782082460138544	0.9566666666666667	27	scReadSim-cna_N	12:133205019	27	0	0.0
0.016666666666666666	0.016388888888888894	7.681145701781734	0.9833333333333333	10	scReadSim-cna_N	14:20343283	10	0	0.0
0.051666666666666666	0.05233055555555555	4.427588271890786	0.95	31	scReadSim-cna_N	14:20357806	31	0	0.0
0.03833333333333333	0.04019722222222222	5.230237793915849	0.9633333333333334	23	scReadSim-cna_N	14:21209535	23	0	0.0
0.10833333333333334	0.10993055555555552	3.060533268571471	0.8983333333333333	65	scReadSim-cna_N	14:21459117	65	0	0.0
0.043333333333333335	0.04812222222222222	5.062333337170891	0.96	26	scReadSim-cna_N	14:22971970	26	1	0.038461538461538464
0.056666666666666664	0.056788888888888896	4.205368122394087	0.945	34	scReadSim-cna_N	14:23098565	34	1	0.029411764705882353
0.021666666666666667	0.021197222222222218	6.719661132604933	0.9783333333333334	13	scReadSim-cna_N	14:35029237	13	0	0.0
0.041666666666666664	0.046597222222222234	5.180733526361688	0.9616666666666667	25	scReadSim-cna_N	14:35029279	25	0	0.0
0.08	0.08026666666666667	3.5414215557191864	0.9233333333333333	48	scReadSim-cna_N	14:35401887	48	0	0.0
0.05	0.04749999999999999	4.358898934822874	0.95	30	scReadSim-cna_N	14:35402011	30	0	0.0
0.05	0.04749999999999999	4.358898934822874	0.95	30	scReadSim-cna_N	14:39179425	30	0	0.0
0.04666666666666667	0.04782222222222221	4.686062694774643	0.955	28	scReadSim-cna_N	14:39181720	28	0	0.0
0.22	0.2482666666666667	2.264834779704444	0.815	132	scReadSim-cna_N	14:39350530	132	0	0.0
0.03	0.0291	5.686240684123191	0.97	18	scReadSim-cna_N	14:49625416	18	0	0.0
0.028333333333333332	0.030863888888888896	6.2005134070188745	0.9733333333333334	17	scReadSim-cna_N	14:49784075	17	0	0.0
0.028333333333333332	0.030863888888888896	6.2005134070188745	0.9733333333333334	17	scReadSim-cna_N	14:50108690	17	0	0.0
0.02666666666666667	0.02928888888888889	6.417748802430158	0.975	16	scReadSim-cna_N	14:50108693	16	0	0.0
0.5633333333333334	0.7226555555555554	1.5090381624717075	0.595	338	scReadSim-cna_N	14:50905385	338	0	0.0
0.07333333333333333	0.06795555555555556	3.554766321701165	0.9266666666666666	44	scReadSim-cna_N	14:52727701	44	0	0.0
0.07166666666666667	0.07653055555555556	3.8601148568419075	0.9333333333333333	43	scReadSim-cna_N	14:54423634	43	0	0.0
0.04666666666666667	0.04448888888888888	4.5197977101879685	0.9533333333333334	28	scReadSim-cna_N	14:64226188	28	0	0.0
0.025	0.024374999999999994	6.244997973418404	0.975	15	scReadSim-cna_N	14:64481771	15	0	0.0
0.215	0.22544166666666665	2.208404549324364	0.8116666666666666	129	scReadSim-cna_N	14:67677474	129	1	0.007751937984496124
0.04833333333333333	0.04933055555555555	4.595272337473194	0.9533333333333334	29	scReadSim-cna_N	14:70584371	29	0	0.0
0.1	0.09	2.9999999969999998	0.9	60	scReadSim-cna_N	14:73220236	60	0	0.0
0.13833333333333334	0.14253055555555558	2.729148369710852	0.8733333333333333	83	scReadSim-cna_N	14:74286199	83	0	0.0
0.135	0.14010833333333333	2.7726701993449474	0.875	81	scReadSim-cna_N	14:75470319	81	0	0.0
0.02	0.019599999999999996	6.999999964999999	0.98	12	scReadSim-cna_N	14:77469177	12	0	0.0
0.041666666666666664	0.03993055555555557	4.795831511802725	0.9583333333333334	25	scReadSim-cna_N	14:88087008	25	0	0.0
0.041666666666666664	0.03993055555555557	4.795831511802725	0.9583333333333334	25	scReadSim-cna_N	14:88087009	25	0	0.0
0.016666666666666666	0.01638888888888889	7.681145701781734	0.9833333333333333	10	scReadSim-cna_N	14:90278202	10	0	0.0
0.4083333333333333	0.46159722222222227	1.6638599158438758	0.6816666666666666	245	scReadSim-cna_N	14:94116589	245	0	0.0
0.2683333333333333	0.2763305555555555	1.9590243279493893	0.77	161	scReadSim-cna_N	14:94377118	161	1	0.006211180124223602
0.02666666666666667	0.025955555555555558	6.041522964141575	0.9733333333333334	16	scReadSim-cna_N	14:94377481	16	0	0.0
158.91333333333333	5128.065822222222	0.4506262202429015	0.0	95348	scReadSim-cna_N	14:94378506	95348	87	0.0009124470361203172
0.22833333333333333	0.2395305555555556	2.1434390763016546	0.8	137	scReadSim-cna_N	14:94592739	137	0	0.0
2.345	3.505975	0.7984754363669785	0.13333333333333333	1407	scReadSim-cna_N	14:94593044	1407	2	0.0014214641080312722
0.018333333333333333	0.017997222222222223	7.317475928304944	0.9816666666666667	11	scReadSim-cna_N	14:95407329	11	0	0.0
0.025	0.034375	7.416198457430869	0.9783333333333334	15	scReadSim-cna_N	14:100280985	15	0	0.0
0.835	0.9211083333333333	1.1493938794411396	0.4483333333333333	501	scReadSim-cna_N	14:100330064	501	0	0.0
0.051666666666666666	0.05233055555555555	4.427588271890786	0.95	31	scReadSim-cna_N	14:102342318	31	0	0.0
0.09333333333333334	0.09128888888888889	3.2372197661385957	0.91	56	scReadSim-cna_N	14:102348361	56	0	0.0
0.018333333333333333	0.01799722222222222	7.317475928304944	0.9816666666666667	11	scReadSim-cna_N	14:102348608	11	0	0.0
0.375	0.42104166666666665	1.730339294033755	0.7033333333333334	225	scReadSim-cna_N	14:102930718	225	1	0.0044444444444444444
0.03666666666666667	0.035322222222222234	5.12569284384282	0.9633333333333334	22	scReadSim-cna_N	14:103503572	22	0	0.0
0.05	0.054166666666666655	4.654746671946819	0.9533333333333334	30	scReadSim-cna_N	14:103535897	30	0	0.0
0.22166666666666668	0.21919722222222224	2.112112915888108	0.7966666666666666	133	scReadSim-cna_N	14:104115423	133	0	0.0
3.29	15.419233333333334	1.1935359157664591	0.19333333333333333	1974	scReadSim-cna_N	14:105769274	1974	7	0.0035460992907801418
0.15666666666666668	0.1587888888888889	2.5435100115202145	0.855	94	scReadSim-cna_N	15:30938987	94	0	0.0
0.18166666666666667	0.17866388888888893	2.3267147531941386	0.8333333333333334	109	scReadSim-cna_N	15:30939052	109	0	0.0
0.07	0.07509999999999999	3.914911310420047	0.935	42	scReadSim-cna_N	15:40035497	42	0	0.0
0.13	0.11976666666666666	2.6621016131919504	0.8733333333333333	78	scReadSim-cna_N	15:40036374	78	0	0.0
0.041666666666666664	0.046597222222222234	5.180733526361688	0.9616666666666667	25	scReadSim-cna_N	15:40038363	25	0	0.0
0.043333333333333335	0.04145555555555555	4.698608621180273	0.9566666666666667	26	scReadSim-cna_N	15:40418524	26	0	0.0
0.04833333333333333	0.04599722222222222	4.437302681916048	0.9516666666666667	29	scReadSim-cna_N	15:40814287	29	0	0.0
0.03666666666666667	0.041988888888888895	5.588506489959958	0.9666666666666667	22	scReadSim-cna_N	15:41503702	22	0	0.0
0.03166666666666667	0.03066388888888889	5.5298234307517316	0.9683333333333334	19	scReadSim-cna_N	15:44712948	19	0	0.0
2.0816666666666666	2.958330555555556	0.8262513110298182	0.18833333333333332	1249	scReadSim-cna_N	15:44717814	1249	1	0.0008006405124099279
0.11666666666666667	0.12638888888888888	3.047246998488294	0.895	70	scReadSim-cna_N	15:45167366	70	0	0.0
2.5	3.45	0.7429670248105497	0.12333333333333334	1500	scReadSim-cna_N	15:45361394	1500	0	0.0
0.3933333333333333	0.4252888888888889	1.657987551810206	0.685	236	scReadSim-cna_N	15:45361509	236	2	0.00847457627118644
0.025	0.024374999999999997	6.244997973418406	0.975	15	scReadSim-cna_N	15:55359172	15	0	0.0
0.11666666666666667	0.12638888888888888	3.047246998488294	0.8933333333333333	70	scReadSim-cna_N	15:57550469	70	1	0.014285714285714285
1.1966666666666668	1.4779888888888888	1.0159267382146928	0.355	718	scReadSim-cna_N	15:58185868	718	1	0.001392757660167131
0.09833333333333333	0.11533055555555553	3.4535951863889864	0.9133333333333333	59	scReadSim-cna_N	15:63071702	59	0	0.0
0.08	0.07693333333333333	3.4671073394519025	0.9216666666666666	48	scReadSim-cna_N	15:63153565	48	0	0.0
0.23	0.23710000000000003	2.1170832728081987	0.7983333333333333	138	scReadSim-cna_N	15:63157481	138	0	0.0
0.07166666666666667	0.06986388888888889	3.6881550663305513	0.93	43	scReadSim-cna_N	15:73714350	43	0	0.0
0.058333333333333334	0.06159722222222221	4.254649310373581	0.945	35	scReadSim-cna_N	15:73983335	35	0	0.0
0.06666666666666667	0.06555555555555558	3.8405728681734455	0.935	40	scReadSim-cna_N	15:75658392	40	0	0.0
0.11666666666666667	0.12305555555555554	3.0067950231154885	0.8916666666666667	70	scReadSim-cna_N	15:78548878	70	0	0.0
0.075	0.07604166666666666	3.6767537968252832	0.9283333333333333	45	scReadSim-cna_N	15:79899001	45	0	0.0
0.03833333333333333	0.04019722222222222	5.230237793915849	0.9633333333333334	23	scReadSim-cna_N	15:79924758	23	0	0.0
0.14666666666666667	0.1484888888888889	2.627335637593803	0.865	88	scReadSim-cna_N	15:80180219	88	0	0.0
0.9616666666666667	1.1068638888888889	1.0940131611410553	0.42	577	scReadSim-cna_N	15:80186303	577	1	0.0017331022530329288
0.028333333333333332	0.02753055555555556	5.856117946642017	0.9716666666666667	17	scReadSim-cna_N	15:84895760	17	0	0.0
0.14166666666666666	0.13493055555555558	2.592910214703145	0.865	85	scReadSim-cna_N	15:90229599	85	0	0.0
1.9016666666666666	2.518663888888889	0.8345468336451243	0.19833333333333333	1141	scReadSim-cna_N	15:90883330	1141	1	0.0008764241893076249
0.07666666666666666	0.07412222222222221	3.551138687582474	0.925	46	scReadSim-cna_N	15:90931006	46	0	0.0
0.16166666666666665	0.15553055555555553	2.4394244787916683	0.8483333333333334	97	scReadSim-cna_N	15:90954009	97	0	0.0
0.023333333333333334	0.022788888888888893	6.469709614686531	0.9766666666666667	14	scReadSim-cna_N	15:97973522	14	0	0.0
0.03333333333333333	0.03888888888888888	5.916079765351376	0.97	20	scReadSim-cna_N	15:99716413	20	0	0.0
0.03166666666666667	0.03066388888888889	5.5298234307517316	0.9683333333333334	19	scReadSim-cna_N	15:100547844	19	0	0.0
0.065	0.06410833333333334	3.8953266837373164	0.9366666666666666	39	scReadSim-cna_N	16:554554	39	0	0.0
0.11666666666666667	0.11972222222222222	2.965791353461707	0.8916666666666667	70	scReadSim-cna_N	16:717430	70	0	0.0
0.07666666666666666	0.07078888888888889	3.47037148291819	0.9233333333333333	46	scReadSim-cna_N	16:1228424	46	0	0.0
0.5833333333333334	0.6730555555555555	1.4063993682433562	0.575	350	scReadSim-cna_N	16:1809149	350	0	0.0
0.62	0.7122666666666665	1.3612240719592912	0.5533333333333333	372	scReadSim-cna_N	16:1809152	372	1	0.002688172043010753
0.058333333333333334	0.054930555555555545	4.017817453233808	0.9416666666666667	35	scReadSim-cna_N	16:1978401	35	0	0.0
0.08166666666666667	0.07833055555555553	3.427052623444413	0.92	49	scReadSim-cna_N	16:1986047	49	0	0.0
0.11666666666666667	0.10972222222222222	2.839229556759488	0.8866666666666667	70	scReadSim-cna_N	16:1997810	70	0	0.0
0.09166666666666666	0.09659722222222221	3.390555668841488	0.915	55	scReadSim-cna_N	16:2253352	55	0	0.0
0.08166666666666667	0.08166388888888887	3.4992115449154144	0.9216666666666666	49	scReadSim-cna_N	16:2253370	49	0	0.0
0.03333333333333333	0.032222222222222215	5.385164790979009	0.9666666666666667	20	scReadSim-cna_N	16:4510300	20	0	0.0
0.025	0.024374999999999997	6.244997973418406	0.975	15	scReadSim-cna_N	16:4510928	15	0	0.0
0.11333333333333333	0.1471555555555556	3.38478173367597	0.9033333333333333	68	scReadSim-cna_N	16:4797168	68	0	0.0
0.043333333333333335	0.04145555555555556	4.698608621180273	0.9566666666666667	26	scReadSim-cna_N	16:4797316	26	0	0.0
0.07166666666666667	0.07653055555555556	3.8601148568419075	0.9333333333333333	43	scReadSim-cna_N	16:8853179	43	0	0.0
0.025	0.024375	6.244997973418406	0.975	15	scReadSim-cna_N	16:8853271	15	0	0.0
0.03	0.0291	5.686240684123191	0.97	18	scReadSim-cna_N	16:10483438	18	0	0.0
0.03666666666666667	0.035322222222222234	5.12569284384282	0.9633333333333334	22	scReadSim-cna_N	16:11548386	22	0	0.0
0.035	0.033775	5.250850256280172	0.965	21	scReadSim-cna_N	16:15038117	21	0	0.0
0.99	1.1699	1.0925446025513474	0.38333333333333336	594	scReadSim-cna_N	16:20486757	594	0	0.0
0.03833333333333333	0.04353055555555555	5.442776715148326	0.965	23	scReadSim-cna_N	16:23669844	23	0	0.0
0.04	0.038400000000000004	4.898979473318907	0.96	24	scReadSim-cna_N	16:27221459	24	0	0.0
0.12666666666666668	0.11728888888888887	2.703747269242583	0.8766666666666667	76	scReadSim-cna_N	16:27221697	76	0	0.0
0.2683333333333333	0.26299722222222227	1.9111771965636615	0.765	161	scReadSim-cna_N	16:27225082	161	1	0.006211180124223602
0.03666666666666667	0.035322222222222234	5.12569284384282	0.9633333333333334	22	scReadSim-cna_N	16:27364466	22	0	0.0
0.09666666666666666	0.09065555555555557	3.1147304472076813	0.905	58	scReadSim-cna_N	16:28499524	58	0	0.0
0.14833333333333334	0.13966388888888892	2.5194358729816724	0.8583333333333333	89	scReadSim-cna_N	16:28592014	89	0	0.0
0.14833333333333334	0.13966388888888892	2.5194358729816724	0.8583333333333333	89	scReadSim-cna_N	16:28592021	89	0	0.0
0.10166666666666667	0.10133055555555555	3.131061707184953	0.9033333333333333	61	scReadSim-cna_N	16:28592334	61	0	0.0
0.8016666666666666	0.8556638888888889	1.1538723750521207	0.45166666666666666	481	scReadSim-cna_N	16:28605736	481	0	0.0
0.38666666666666666	0.3704888888888888	1.574167201043002	0.675	232	scReadSim-cna_N	16:28605807	232	1	0.004310344827586207
0.028333333333333332	0.02753055555555556	5.856117946642017	0.9716666666666667	17	scReadSim-cna_N	16:31382858	17	0	0.0
0.3233333333333333	0.3554555555555556	1.8439204186691258	0.7366666666666667	194	scReadSim-cna_N	16:56361585	194	0	0.0
0.025	0.024375	6.244997973418406	0.975	15	scReadSim-cna_N	16:56477333	15	0	0.0
0.06	0.06306666666666667	4.185512926765782	0.9433333333333334	36	scReadSim-cna_N	16:56639916	36	0	0.0
14.583333333333334	69.72972222222221	0.5726010827753502	0.0	8750	scReadSim-cna_N	16:56666810	8750	21	0.0024
5.508333333333334	12.856597222222224	0.6509427670758807	0.016666666666666666	3305	scReadSim-cna_N	16:56666995	3305	3	0.000907715582450832
0.018333333333333333	0.01799722222222222	7.317475928304944	0.9816666666666667	11	scReadSim-cna_N	16:57083493	11	0	0.0
0.02	0.02626666666666666	8.103497146911325	0.9833333333333333	12	scReadSim-cna_N	16:57689327	12	0	0.0
0.04	0.03840000000000001	4.898979473318908	0.96	24	scReadSim-cna_N	16:57758221	24	0	0.0
0.275	0.2860416666666667	1.9448313919861269	0.7633333333333333	165	scReadSim-cna_N	16:58707463	165	0	0.0
0.045	0.04630833333333335	4.782082460138544	0.9566666666666667	27	scReadSim-cna_N	16:67148096	27	1	0.037037037037037035
0.03	0.03243333333333333	6.003085606318647	0.9716666666666667	18	scReadSim-cna_N	16:69941457	18	1	0.05555555555555555
0.058333333333333334	0.07493055555555556	4.69259076500037	0.95	35	scReadSim-cna_N	16:72024982	35	0	0.0
0.06	0.0664	4.29469956841721	0.945	36	scReadSim-cna_N	16:72025250	36	0	0.0
0.03	0.0291	5.686240684123191	0.97	18	scReadSim-cna_N	16:72112542	18	0	0.0
0.05333333333333334	0.050488888888888875	4.213074878688663	0.9466666666666667	32	scReadSim-cna_N	16:72112671	32	0	0.0
0.02666666666666667	0.029288888888888896	6.41774880243016	0.975	16	scReadSim-cna_N	16:75294018	16	0	0.0
0.05333333333333334	0.050488888888888875	4.213074878688663	0.9466666666666667	32	scReadSim-cna_N	16:81082228	32	0	0.0
0.05333333333333334	0.050488888888888875	4.213074878688663	0.9466666666666667	32	scReadSim-cna_N	16:81082237	32	0	0.0
1.3716666666666666	1.5601972222222222	0.9106283469034556	0.275	823	scReadSim-cna_N	16:81082405	823	2	0.002430133657351154
0.03666666666666667	0.035322222222222234	5.12569284384282	0.9633333333333334	22	scReadSim-cna_N	16:82148193	22	0	0.0
0.03	0.032433333333333335	6.003085606318647	0.9716666666666667	18	scReadSim-cna_N	16:83915901	18	0	0.0
0.08333333333333333	0.08305555555555555	3.458323289008129	0.92	50	scReadSim-cna_N	16:83916160	50	0	0.0
0.04	0.03840000000000001	4.898979473318908	0.96	24	scReadSim-cna_N	16:84178502	24	0	0.0
0.21	0.20923333333333335	2.1781919166399746	0.8116666666666666	126	scReadSim-cna_N	16:88643304	126	0	0.0
0.4483333333333333	0.5039972222222222	1.5834816745769231	0.66	269	scReadSim-cna_N	16:88643329	269	0	0.0
0.7183333333333334	0.8489972222222222	1.2827059663645513	0.5083333333333333	431	scReadSim-cna_N	16:88643420	431	0	0.0
0.03166666666666667	0.03066388888888889	5.5298234307517316	0.9683333333333334	19	scReadSim-cna_N	16:88651945	19	0	0.0
0.056666666666666664	0.05345555555555556	4.080080730178643	0.9433333333333334	34	scReadSim-cna_N	16:88813787	34	0	0.0
0.08	0.0736	3.391164987323678	0.92	48	scReadSim-cna_N	16:88813828	48	0	0.0
0.07333333333333333	0.0712888888888889	3.640906248580726	0.9283333333333333	44	scReadSim-cna_N	16:89561052	44	8	0.18181818181818182
0.16	0.1577333333333333	2.4822284998830204	0.8516666666666667	96	scReadSim-cna_N	16:89561263	96	0	0.0
0.415	0.46277499999999994	1.6392185042131961	0.68	249	scReadSim-cna_N	16:89563328	249	0	0.0
0.3983333333333333	0.4396638888888889	1.6646147854897755	0.685	239	scReadSim-cna_N	16:89563372	239	0	0.0
0.21	0.19923333333333337	2.1255029184447554	0.805	126	scReadSim-cna_N	16:89563411	126	0	0.0
0.028333333333333332	0.02753055555555556	5.856117946642017	0.9716666666666667	17	scReadSim-cna_N	17:28394876	17	0	0.0
0.06166666666666667	0.06786388888888889	4.224437577009328	0.9433333333333334	37	scReadSim-cna_N	17:28860771	37	0	0.0
0.03833333333333333	0.03686388888888889	5.008688090792904	0.9616666666666667	23	scReadSim-cna_N	17:29261788	23	0	0.0
0.058333333333333334	0.054930555555555545	4.017817453233808	0.9416666666666667	35	scReadSim-cna_N	17:36105271	35	0	0.0
0.056666666666666664	0.056788888888888896	4.205368122394087	0.945	34	scReadSim-cna_N	17:38733306	34	0	0.0
0.22166666666666668	0.23253055555555557	2.175402502674948	0.8083333333333333	133	scReadSim-cna_N	17:40019209	133	0	0.0
0.035	0.033775	5.250850256280172	0.965	21	scReadSim-cna_N	17:41867214	21	0	0.0
0.11833333333333333	0.12433055555555557	2.9797637907111105	0.8916666666666667	71	scReadSim-cna_N	17:42313598	71	0	0.0
0.03666666666666667	0.035322222222222234	5.12569284384282	0.9633333333333334	22	scReadSim-cna_N	17:45151932	22	0	0.0
0.04	0.045066666666666665	5.30722776276215	0.9633333333333334	24	scReadSim-cna_N	17:46941877	24	0	0.0
0.23333333333333334	0.23555555555555552	2.0800313960458485	0.7916666666666666	140	scReadSim-cna_N	17:47981705	140	0	0.0
0.17	0.19110000000000002	2.57146976253377	0.8533333333333334	102	scReadSim-cna_N	17:49404181	102	0	0.0
0.07833333333333334	0.07553055555555555	3.508445474445894	0.9233333333333333	47	scReadSim-cna_N	17:49599620	47	1	0.02127659574468085
0.03333333333333333	0.032222222222222215	5.385164790979009	0.9666666666666667	20	scReadSim-cna_N	17:54961293	20	0	0.0
0.023333333333333334	0.022788888888888893	6.469709614686531	0.9766666666666667	14	scReadSim-cna_N	17:54961384	14	0	0.0
0.075	0.069375	3.5118845796017335	0.925	45	scReadSim-cna_N	17:54962122	45	0	0.0
0.023333333333333334	0.022788888888888893	6.469709614686531	0.9766666666666667	14	scReadSim-cna_N	17:57006572	14	1	0.07142857142857142
0.06166666666666667	0.061197222222222236	4.0115792889991635	0.94	37	scReadSim-cna_N	17:64322640	37	0	0.0
0.04	0.04173333333333333	5.107184469246892	0.9616666666666667	24	scReadSim-cna_N	17:64323215	24	1	0.041666666666666664
0.07	0.06843333333333333	3.737109358134306	0.9316666666666666	42	scReadSim-cna_N	17:68256954	42	0	0.0
0.6666666666666666	0.7122222222222223	1.2658988899273316	0.5233333333333333	400	scReadSim-cna_N	17:68532637	400	0	0.0
0.035	0.033775	5.250850256280172	0.965	21	scReadSim-cna_N	17:68974804	21	0	0.0
0.06166666666666667	0.0578638888888889	3.900796863060973	0.9383333333333334	37	scReadSim-cna_N	17:74450469	37	0	0.0
0.11166666666666666	0.11253055555555555	3.00408127849241	0.895	67	scReadSim-cna_N	17:74451561	67	0	0.0
0.058333333333333334	0.05826388888888888	4.137928095180762	0.9433333333333334	35	scReadSim-cna_N	17:74451611	35	1	0.02857142857142857
0.045	0.04630833333333335	4.782082460138544	0.9566666666666667	27	scReadSim-cna_N	17:74451622	27	0	0.0
0.24833333333333332	0.2766638888888889	2.1180744450973323	0.7933333333333333	149	scReadSim-cna_N	17:74769076	149	0	0.0
0.14666666666666667	0.15515555555555555	2.685667497572944	0.8666666666666667	88	scReadSim-cna_N	17:74862678	88	0	0.0
0.023333333333333334	0.022788888888888893	6.469709614686531	0.9766666666666667	14	scReadSim-cna_N	17:75776775	14	0	0.0
0.023333333333333334	0.022788888888888893	6.469709614686531	0.9766666666666667	14	scReadSim-cna_N	17:75825549	14	0	0.0
0.03	0.032433333333333335	6.003085606318647	0.9716666666666667	18	scReadSim-cna_N	17:76039462	18	0	0.0
0.023333333333333334	0.022788888888888893	6.469709614686531	0.9766666666666667	14	scReadSim-cna_N	17:76081416	14	0	0.0
0.021666666666666667	0.021197222222222218	6.719661132604933	0.9783333333333334	13	scReadSim-cna_N	17:76270929	13	0	0.0
0.043333333333333335	0.04478888888888888	4.883858197760318	0.9583333333333334	26	scReadSim-cna_N	17:76470935	26	0	0.0
0.14666666666666667	0.1584888888888889	2.714363384846319	0.87	88	scReadSim-cna_N	17:77500378	88	0	0.0
0.21333333333333335	0.2511555555555555	2.349160420730426	0.82	128	scReadSim-cna_N	17:78207571	128	0	0.0
0.11833333333333333	0.1176638888888889	2.898774954449176	0.8883333333333333	71	scReadSim-cna_N	17:80999968	71	0	0.0
0.12	0.1156	2.833333330972222	0.885	72	scReadSim-cna_N	17:81681336	72	0	0.0
0.055	0.05530833333333335	4.275949776364016	0.9466666666666667	33	scReadSim-cna_N	17:81681497	33	0	0.0
0.14666666666666667	0.17848888888888892	2.880541728536878	0.8766666666666667	88	scReadSim-cna_N	17:81720657	88	0	0.0
0.43166666666666664	0.48533055555555565	1.613876521232181	0.6666666666666666	259	scReadSim-cna_N	17:81720823	259	0	0.0
0.5433333333333333	0.6514555555555556	1.4855115959360625	0.61	326	scReadSim-cna_N	17:81720863	326	1	0.003067484662576687
3.57	6.3517666666666655	0.7059583051436601	0.058333333333333334	2142	scReadSim-cna_N	17:81843412	2142	2	0.0009337068160597573
0.585	0.6594416666666666	1.388136986679227	0.5833333333333334	351	scReadSim-cna_N	17:82101611	351	2	0.005698005698005698
0.3233333333333333	0.36878888888888894	1.878185287567796	0.74	194	scReadSim-cna_N	17:82101720	194	0	0.0
0.043333333333333335	0.04145555555555556	4.698608621180273	0.9566666666666667	26	scReadSim-cna_N	17:82321536	26	0	0.0
0.04	0.038400000000000004	4.898979473318907	0.96	24	scReadSim-cna_N	17:82321552	24	0	0.0
0.175	0.19104166666666667	2.497617911323905	0.845	105	scReadSim-cna_N	17:82614752	105	0	0.0
0.03666666666666667	0.03865555555555556	5.362095295579241	0.965	22	scReadSim-cna_N	17:82657414	22	0	0.0
0.035	0.033775	5.250850256280172	0.965	21	scReadSim-cna_N	17:82727779	21	0	0.0
0.035	0.033775	5.250850256280172	0.965	21	scReadSim-cna_N	17:82727784	21	0	0.0
0.02666666666666667	0.025955555555555558	6.041522964141575	0.9733333333333334	16	scReadSim-cna_N	17:82941405	16	0	0.0
0.041666666666666664	0.03993055555555557	4.795831511802725	0.9583333333333334	25	scReadSim-cna_N	18:3066946	25	0	0.0
0.54	0.6083999999999999	1.4444444441769544	0.6116666666666667	324	scReadSim-cna_N	18:3256114	324	2	0.006172839506172839
0.03166666666666667	0.03399722222222222	5.822632297963545	0.97	19	scReadSim-cna_N	18:5239337	19	0	0.0
0.055	0.05864166666666667	4.402916631124886	0.9483333333333334	33	scReadSim-cna_N	18:5246399	33	0	0.0
0.08	0.08026666666666667	3.5414215557191864	0.9233333333333333	48	scReadSim-cna_N	18:9255720	48	0	0.0
0.07333333333333333	0.0712888888888889	3.640906248580726	0.9283333333333333	44	scReadSim-cna_N	18:9255984	44	1	0.022727272727272728
0.03833333333333333	0.03686388888888889	5.008688090792904	0.9616666666666667	23	scReadSim-cna_N	18:24453297	23	0	0.0
0.175	0.18770833333333334	2.4757325569769066	0.845	105	scReadSim-cna_N	18:27951104	105	0	0.0
0.02666666666666667	0.025955555555555558	6.041522964141575	0.9733333333333334	16	scReadSim-cna_N	18:31548609	16	0	0.0
0.03666666666666667	0.03865555555555557	5.362095295579242	0.965	22	scReadSim-cna_N	18:35468437	22	0	0.0
0.03666666666666667	0.035322222222222234	5.12569284384282	0.9633333333333334	22	scReadSim-cna_N	18:45983711	22	0	0.0
0.08333333333333333	0.08305555555555555	3.458323289008129	0.92	50	scReadSim-cna_N	18:54154874	50	0	0.0
0.045	0.04630833333333334	4.782082460138543	0.9566666666666667	27	scReadSim-cna_N	18:57483039	27	0	0.0
0.023333333333333334	0.026122222222222227	6.926730211685817	0.9783333333333334	14	scReadSim-cna_N	18:58449913	14	0	0.0
0.36	0.36039999999999994	1.667592335070517	0.6983333333333334	216	scReadSim-cna_N	18:58451261	216	0	0.0
0.18166666666666667	0.16866388888888892	2.2606628995692573	0.8283333333333334	109	scReadSim-cna_N	18:58451767	109	0	0.0
0.16	0.17773333333333333	2.6349019573135823	0.86	96	scReadSim-cna_N	18:74584901	96	1	0.010416666666666666
0.028333333333333332	0.02753055555555556	5.856117946642017	0.9716666666666667	17	scReadSim-cna_N	18:79364141	17	0	0.0
0.10166666666666667	0.10466388888888889	3.1821441461385622	0.905	61	scReadSim-cna_N	18:79970600	61	1	0.01639344262295082
0.023333333333333334	0.022788888888888893	6.469709614686531	0.9766666666666667	14	scReadSim-cna_N	18:79970807	14	0	0.0
0.38666666666666666	0.39382222222222213	1.6229807719235334	0.6816666666666666	232	scReadSim-cna_N	19:416834	232	0	0.0
0.08833333333333333	0.09053055555555556	3.406222183641603	0.9166666666666666	53	scReadSim-cna_N	19:416963	53	0	0.0
0.043333333333333335	0.04478888888888888	4.883858197760318	0.9583333333333334	26	scReadSim-cna_N	19:541685	26	0	0.0
0.04	0.041733333333333344	5.107184469246893	0.9616666666666667	24	scReadSim-cna_N	19:549725	24	0	0.0
0.04	0.041733333333333344	5.107184469246893	0.9616666666666667	24	scReadSim-cna_N	19:549728	24	0	0.0
0.4666666666666667	0.42888888888888893	1.403348764298461	0.6166666666666667	280	scReadSim-cna_N	19:583418	280	0	0.0
0.11	0.11456666666666668	3.077063460836244	0.8983333333333333	66	scReadSim-cna_N	19:683221	66	0	0.0
0.03166666666666667	0.030663888888888893	5.5298234307517316	0.9683333333333334	19	scReadSim-cna_N	19:994557	19	0	0.0
0.315	0.33244166666666675	1.8304049076728024	0.7366666666666667	189	scReadSim-cna_N	19:1009884	189	0	0.0
0.485	0.5331083333333333	1.5054488246800184	0.63	291	scReadSim-cna_N	19:1088286	291	2	0.006872852233676976
0.5366666666666666	0.6586555555555554	1.5122533605109372	0.6116666666666667	322	scReadSim-cna_N	19:1244519	322	0	0.0
0.10666666666666667	0.11528888888888889	3.1832078915774535	0.9033333333333333	64	scReadSim-cna_N	19:1852495	64	0	0.0
0.11833333333333333	0.14099722222222225	3.1732053633764568	0.8966666666666666	71	scReadSim-cna_N	19:1852583	71	0	0.0
0.03166666666666667	0.03066388888888889	5.5298234307517316	0.9683333333333334	19	scReadSim-cna_N	19:1925943	19	0	0.0
0.016666666666666666	0.016388888888888887	7.681145701781733	0.9833333333333333	10	scReadSim-cna_N	19:1925971	10	0	0.0
0.065	0.060775000000000017	3.7927055435869304	0.935	39	scReadSim-cna_N	19:2233483	39	0	0.0
0.035	0.033775	5.250850256280172	0.965	21	scReadSim-cna_N	19:3053576	21	0	0.0
0.035	0.033775	5.250850256280172	0.965	21	scReadSim-cna_N	19:3209269	21	0	0.0
0.035	0.04044166666666667	5.745746709830471	0.9683333333333334	21	scReadSim-cna_N	19:3750692	21	0	0.0
0.7866666666666666	0.8978222222222223	1.2044934064545494	0.475	472	scReadSim-cna_N	19:3976323	472	0	0.0
0.34	0.3444	1.7260471466830696	0.715	204	scReadSim-cna_N	19:4445076	204	0	0.0
0.36833333333333335	0.4026638888888889	1.7227819717022408	0.7066666666666667	221	scReadSim-cna_N	19:4445159	221	0	0.0
0.043333333333333335	0.04478888888888888	4.883858197760318	0.9583333333333334	26	scReadSim-cna_N	19:4816148	26	0	0.0
46.848333333333336	411.52199722222224	0.43301444290986296	0.0	28109	scReadSim-cna_N	19:6677978	28109	56	0.0019922444768579457
0.04	0.038400000000000004	4.898979473318907	0.96	24	scReadSim-cna_N	19:7647391	24	0	0.0
0.075	0.08270833333333334	3.8345408674955896	0.9316666666666666	45	scReadSim-cna_N	19:7769388	45	0	0.0
0.025	0.031041666666666665	7.047458142432158	0.9783333333333334	15	scReadSim-cna_N	19:7864804	15	0	0.0
0.03833333333333333	0.03686388888888889	5.008688090792904	0.9616666666666667	23	scReadSim-cna_N	19:7913545	23	0	0.0
0.03	0.0291	5.686240684123191	0.97	18	scReadSim-cna_N	19:8374583	18	0	0.0
0.14	0.14039999999999997	2.6764277116875785	0.87	84	scReadSim-cna_N	19:8521202	84	0	0.0
0.10166666666666667	0.11799722222222223	3.3787597098964834	0.9116666666666666	61	scReadSim-cna_N	19:10259768	61	0	0.0
0.13833333333333334	0.14253055555555552	2.7291483697108516	0.8733333333333333	83	scReadSim-cna_N	19:10286547	83	0	0.0
0.045	0.042975000000000006	4.606758310124511	0.955	27	scReadSim-cna_N	19:11132484	27	0	0.0
0.02666666666666667	0.025955555555555558	6.041522964141575	0.9733333333333334	16	scReadSim-cna_N	19:11132652	16	0	0.0
0.07666666666666666	0.08078888888888888	3.7073982085057082	0.9283333333333333	46	scReadSim-cna_N	19:11553253	46	0	0.0
0.065	0.06744166666666668	3.995312829518721	0.9383333333333334	39	scReadSim-cna_N	19:13774210	39	0	0.0
0.145	0.16064166666666663	2.764146762022956	0.8716666666666667	87	scReadSim-cna_N	19:14471656	87	0	0.0
0.16833333333333333	0.17333055555555554	2.4732467146296955	0.8483333333333334	101	scReadSim-cna_N	19:15659890	101	3	0.0297029702970297
0.22	0.22826666666666667	2.1716936798818263	0.8066666666666666	132	scReadSim-cna_N	19:15659974	132	3	0.022727272727272728
0.023333333333333334	0.022788888888888893	6.469709614686531	0.9766666666666667	14	scReadSim-cna_N	19:15660998	14	0	0.0
0.023333333333333334	0.022788888888888893	6.469709614686531	0.9766666666666667	14	scReadSim-cna_N	19:15661001	14	0	0.0
0.03333333333333333	0.032222222222222215	5.385164790979009	0.9666666666666667	20	scReadSim-cna_N	19:15661161	20	0	0.0
0.023333333333333334	0.022788888888888893	6.469709614686531	0.9766666666666667	14	scReadSim-cna_N	19:15661168	14	0	0.0
0.03666666666666667	0.041988888888888895	5.588506489959958	0.9666666666666667	22	scReadSim-cna_N	19:15661423	22	0	0.0
0.08	0.0836	3.61420806918248	0.925	48	scReadSim-cna_N	19:15661567	48	0	0.0
0.03666666666666667	0.035322222222222234	5.12569284384282	0.9633333333333334	22	scReadSim-cna_N	19:15661907	22	0	0.0
0.065	0.06410833333333334	3.8953266837373164	0.9366666666666666	39	scReadSim-cna_N	19:15661928	39	0	0.0
0.25333333333333335	0.2624888888888889	2.0223816893954645	0.7833333333333333	152	scReadSim-cna_N	19:15662529	152	1	0.006578947368421052
0.055	0.051975000000000014	4.145095670710008	0.945	33	scReadSim-cna_N	19:15912508	33	0	0.0
0.06333333333333334	0.06598888888888889	4.056047767686445	0.94	38	scReadSim-cna_N	19:15912567	38	0	0.0
0.06666666666666667	0.07222222222222222	4.031128868102582	0.9383333333333334	40	scReadSim-cna_N	19:15912568	40	0	0.0
0.06	0.06306666666666667	4.185512926765782	0.9433333333333334	36	scReadSim-cna_N	19:16235011	36	0	0.0
0.16333333333333333	0.16332222222222223	2.4742741317339125	0.85	98	scReadSim-cna_N	19:16518039	98	1	0.01020408163265306
1.6683333333333332	2.4949972222222225	0.9467868254793307	0.25333333333333335	1001	scReadSim-cna_N	19:17403117	1001	6	0.005994005994005994
0.06833333333333333	0.07033055555555554	3.8809622378566133	0.935	41	scReadSim-cna_N	19:18013946	41	1	0.024390243902439025
0.021666666666666667	0.021197222222222218	6.719661132604933	0.9783333333333334	13	scReadSim-cna_N	19:18196658	13	1	0.07692307692307693
0.2	0.21000000000000002	2.291287846332276	0.8233333333333334	120	scReadSim-cna_N	19:18388974	120	0	0.0
0.22666666666666666	0.24862222222222224	2.1997955227136377	0.8066666666666666	136	scReadSim-cna_N	19:18389005	136	0	0.0
0.16333333333333333	0.21665555555555557	2.8497718312636753	0.8633333333333333	98	scReadSim-cna_N	19:18389048	98	0	0.0
0.04666666666666667	0.04448888888888888	4.5197977101879685	0.9533333333333334	28	scReadSim-cna_N	19:18391268	28	0	0.0
5.85	13.164166666666667	0.6202129356161765	0.008333333333333333	3510	scReadSim-cna_N	19:18575154	3510	7	0.0019943019943019944
0.36333333333333334	0.37798888888888893	1.6921321365417583	0.6983333333333334	218	scReadSim-cna_N	19:18592267	218	0	0.0
0.035	0.033775	5.250850256280172	0.965	21	scReadSim-cna_N	19:19176993	21	0	0.0
0.03	0.0291	5.686240684123191	0.97	18	scReadSim-cna_N	19:19177092	18	0	0.0
0.03666666666666667	0.035322222222222234	5.12569284384282	0.9633333333333334	22	scReadSim-cna_N	19:19358487	22	0	0.0
0.03833333333333333	0.03686388888888889	5.008688090792904	0.9616666666666667	23	scReadSim-cna_N	19:29615752	23	0	0.0
0.025	0.024374999999999994	6.244997973418404	0.975	15	scReadSim-cna_N	19:32978621	15	1	0.06666666666666667
0.19	0.19390000000000002	2.317583036285903	0.83	114	scReadSim-cna_N	19:35169767	114	1	0.008771929824561403
0.03666666666666667	0.035322222222222234	5.12569284384282	0.9633333333333334	22	scReadSim-cna_N	19:35279389	22	0	0.0
0.24666666666666667	0.2224888888888889	1.9122457236905737	0.77	148	scReadSim-cna_N	19:35279568	148	0	0.0
0.058333333333333334	0.06493055555555555	4.368252807203182	0.9466666666666667	35	scReadSim-cna_N	19:38328823	35	0	0.0
0.105	0.11064166666666665	3.1678897237947408	0.9033333333333333	63	scReadSim-cna_N	19:38730543	63	1	0.015873015873015872
0.23166666666666666	0.22799722222222224	2.0611102727907884	0.7933333333333333	139	scReadSim-cna_N	19:38878729	139	1	0.007194244604316547
0.055	0.05197500000000001	4.145095670710007	0.945	33	scReadSim-cna_N	19:39397750	33	0	0.0
0.07333333333333333	0.0712888888888889	3.640906248580726	0.9283333333333333	44	scReadSim-cna_N	19:39400521	44	0	0.0
0.03333333333333333	0.032222222222222215	5.385164790979009	0.9666666666666667	20	scReadSim-cna_N	19:39539030	20	0	0.0
0.058333333333333334	0.05826388888888888	4.137928095180762	0.9433333333333334	35	scReadSim-cna_N	19:40440938	35	1	0.02857142857142857
0.035	0.033775	5.250850256280172	0.965	21	scReadSim-cna_N	19:40441073	21	0	0.0
0.03166666666666667	0.03066388888888889	5.5298234307517316	0.9683333333333334	19	scReadSim-cna_N	19:40591370	19	0	0.0
0.095	0.08930833333333332	3.1457368266125596	0.9066666666666666	57	scReadSim-cna_N	19:40629570	57	0	0.0
1.6766666666666667	2.4221222222222223	0.9282208014488021	0.22333333333333333	1006	scReadSim-cna_N	19:41018248	1006	4	0.003976143141153081
0.02666666666666667	0.029288888888888896	6.41774880243016	0.975	16	scReadSim-cna_N	19:43731365	16	0	0.0
0.028333333333333332	0.030863888888888896	6.2005134070188745	0.9733333333333334	17	scReadSim-cna_N	19:43731383	17	0	0.0
0.04	0.04173333333333333	5.107184469246892	0.9616666666666667	24	scReadSim-cna_N	19:44888997	24	0	0.0
0.09333333333333334	0.09128888888888889	3.2372197661385957	0.91	56	scReadSim-cna_N	19:44903416	56	0	0.0
0.02	0.019599999999999996	6.999999964999999	0.98	12	scReadSim-cna_N	19:44908684	12	0	0.0
0.09166666666666666	0.08659722222222221	3.210262466136	0.91	55	scReadSim-cna_N	19:44949078	55	1	0.01818181818181818
0.035	0.04044166666666667	5.745746709830471	0.9683333333333334	21	scReadSim-cna_N	19:45407414	21	0	0.0
0.023333333333333334	0.022788888888888893	6.469709614686531	0.9766666666666667	14	scReadSim-cna_N	19:45549196	14	0	0.0
0.065	0.06744166666666668	3.995312829518721	0.9383333333333334	39	scReadSim-cna_N	19:46390553	39	0	0.0
0.08333333333333333	0.08972222222222222	3.5944401468089575	0.9233333333333333	50	scReadSim-cna_N	19:47275600	50	0	0.0
0.14666666666666667	0.1418222222222222	2.567678951430873	0.8616666666666667	88	scReadSim-cna_N	19:47871158	88	0	0.0
0.4216666666666667	0.46386388888888896	1.6151989047080184	0.67	253	scReadSim-cna_N	19:47871294	253	0	0.0
0.5433333333333333	0.6047888888888889	1.4313160858148317	0.6	326	scReadSim-cna_N	19:48382661	326	0	0.0
0.105	0.11064166666666665	3.1678897237947408	0.9033333333333333	63	scReadSim-cna_N	19:49976502	63	0	0.0
0.04833333333333333	0.04933055555555555	4.595272337473194	0.9533333333333334	29	scReadSim-cna_N	19:49976742	29	0	0.0
0.02	0.019599999999999996	6.999999964999999	0.98	12	scReadSim-cna_N	19:50482835	12	0	0.0
0.14833333333333334	0.1696638888888889	2.77687257995268	0.8716666666666667	89	scReadSim-cna_N	19:51371696	89	0	0.0
0.03333333333333333	0.032222222222222215	5.385164790979009	0.9666666666666667	20	scReadSim-cna_N	19:54106385	20	0	0.0
0.03166666666666667	0.030663888888888893	5.5298234307517316	0.9683333333333334	19	scReadSim-cna_N	19:54106439	19	0	0.0
0.16333333333333333	0.1499888888888889	2.3711264677666457	0.8433333333333334	98	scReadSim-cna_N	19:55226779	98	0	0.0
0.016666666666666666	0.01638888888888889	7.681145701781734	0.9833333333333333	10	scReadSim-cna_N	19:55227057	10	1	0.1
0.115	0.10844166666666666	2.8635202003566294	0.8883333333333333	69	scReadSim-cna_N	19:55229837	69	0	0.0
0.17666666666666667	0.1587888888888889	2.2555654820771402	0.83	106	scReadSim-cna_N	19:56087463	106	0	0.0
0.07	0.07843333333333331	4.000850244054969	0.9366666666666666	42	scReadSim-cna_N	2:3189027	42	0	0.0
1.7266666666666666	2.1252888888888886	0.8443071766394825	0.205	1036	scReadSim-cna_N	2:3498537	1036	2	0.0019305019305019305
0.04833333333333333	0.04599722222222222	4.437302681916048	0.9516666666666667	29	scReadSim-cna_N	2:3580793	29	0	0.0
0.045	0.04630833333333334	4.782082460138543	0.9566666666666667	27	scReadSim-cna_N	2:10002174	27	0	0.0
0.041666666666666664	0.04326388888888891	4.991993577758691	0.96	25	scReadSim-cna_N	2:10002203	25	0	0.0
0.03833333333333333	0.04019722222222222	5.230237793915849	0.9633333333333334	23	scReadSim-cna_N	2:11181754	23	0	0.0
0.09	0.0919	3.3683347498627656	0.915	54	scReadSim-cna_N	2:20586415	54	0	0.0
0.03	0.0291	5.686240684123191	0.97	18	scReadSim-cna_N	2:27100517	18	0	0.0
0.6083333333333333	0.6649305555555555	1.3404373827098546	0.565	365	scReadSim-cna_N	2:31334403	365	0	0.0
0.5683333333333334	0.5386638888888889	1.2913851927276536	0.5583333333333333	341	scReadSim-cna_N	2:31334442	341	1	0.002932551319648094
0.4533333333333333	0.5378222222222222	1.6177139020054305	0.655	272	scReadSim-cna_N	2:31334481	272	1	0.003676470588235294
0.04833333333333333	0.045997222222222224	4.437302681916049	0.9516666666666667	29	scReadSim-cna_N	2:31335440	29	0	0.0
0.05333333333333334	0.05382222222222223	4.349928152170214	0.9483333333333334	32	scReadSim-cna_N	2:39249341	32	0	0.0
0.225	0.22437500000000005	2.1052550347861554	0.8	135	scReadSim-cna_N	2:42767344	135	0	0.0
0.06833333333333333	0.07033055555555555	3.8809622378566133	0.935	41	scReadSim-cna_N	2:44318877	41	1	0.024390243902439025
0.205	0.22297500000000003	2.3034257899052353	0.82	123	scReadSim-cna_N	2:44320770	123	0	0.0
0.028333333333333332	0.02753055555555556	5.856117946642017	0.9716666666666667	17	scReadSim-cna_N	2:46624894	17	0	0.0
0.041666666666666664	0.03993055555555557	4.795831511802725	0.9583333333333334	25	scReadSim-cna_N	2:53971158	25	0	0.0
0.08166666666666667	0.09166388888888886	3.707270787615276	0.925	49	scReadSim-cna_N	2:55548588	49	0	0.0
0.018333333333333333	0.017997222222222223	7.317475928304944	0.9816666666666667	11	scReadSim-cna_N	2:69643169	11	0	0.0
0.06833333333333333	0.06699722222222221	3.787876330691619	0.9333333333333333	41	scReadSim-cna_N	2:73729997	41	0	0.0
0.085	0.09110833333333335	3.5510772890291946	0.9216666666666666	51	scReadSim-cna_N	2:73958749	51	0	0.0
0.17166666666666666	0.2155305555555556	2.704384571402319	0.8583333333333333	103	scReadSim-cna_N	2:74969604	103	0	0.0
0.08166666666666667	0.08499722222222221	3.5699122101644765	0.9233333333333333	49	scReadSim-cna_N	2:87756945	49	0	0.0
0.11666666666666667	0.12305555555555554	3.0067950231154885	0.8933333333333333	70	scReadSim-cna_N	2:88027302	70	0	0.0
0.7283333333333334	1.3978638888888888	1.6233129613385464	0.5966666666666667	437	scReadSim-cna_N	2:88857435	437	0	0.0
0.041666666666666664	0.04326388888888889	4.99199357775869	0.96	25	scReadSim-cna_N	2:97739787	25	0	0.0
0.09333333333333334	0.10462222222222221	3.4655741307749426	0.915	56	scReadSim-cna_N	2:97756543	56	0	0.0
0.08333333333333333	0.07972222222222221	3.3882148651536257	0.9183333333333333	50	scReadSim-cna_N	2:99361585	50	1	0.02
0.10166666666666667	0.11799722222222223	3.3787597098964834	0.91	61	scReadSim-cna_N	2:105099808	61	0	0.0
0.18333333333333332	0.1863888888888889	2.354878879986179	0.835	110	scReadSim-cna_N	2:113133835	110	0	0.0
0.03166666666666667	0.03066388888888889	5.5298234307517316	0.9683333333333334	19	scReadSim-cna_N	2:121338064	19	0	0.0
0.03	0.0291	5.686240684123191	0.97	18	scReadSim-cna_N	2:128192319	18	0	0.0
0.19333333333333333	0.18928888888888887	2.250379805595973	0.8233333333333334	116	scReadSim-cna_N	2:130346476	116	1	0.008620689655172414
0.22166666666666668	0.22919722222222225	2.159753985723527	0.805	133	scReadSim-cna_N	2:135784989	133	0	0.0
0.21	0.2225666666666667	2.2465224648139612	0.8166666666666667	126	scReadSim-cna_N	2:135784990	126	1	0.007936507936507936
0.08166666666666667	0.09166388888888888	3.7072707876152764	0.9266666666666666	49	scReadSim-cna_N	2:138014348	49	0	0.0
0.03333333333333333	0.03555555555555555	5.656854232521816	0.9683333333333334	20	scReadSim-cna_N	2:138016068	20	0	0.0
0.075	0.08270833333333333	3.8345408674955896	0.93	45	scReadSim-cna_N	2:138016182	45	0	0.0
0.03	0.032433333333333335	6.003085606318647	0.9716666666666667	18	scReadSim-cna_N	2:138573096	18	0	0.0
0.03	0.029099999999999994	5.686240684123191	0.97	18	scReadSim-cna_N	2:159235894	18	0	0.0
0.016666666666666666	0.01638888888888889	7.681145701781734	0.9833333333333333	10	scReadSim-cna_N	2:168864871	10	0	0.0
0.03166666666666667	0.03399722222222223	5.822632297963545	0.97	19	scReadSim-cna_N	2:174434179	19	0	0.0
0.05	0.05083333333333332	4.509249743804394	0.9516666666666667	30	scReadSim-cna_N	2:177220409	30	0	0.0
0.065	0.06744166666666668	3.995312829518721	0.9383333333333334	39	scReadSim-cna_N	2:189770417	39	0	0.0
0.04	0.03840000000000001	4.898979473318908	0.96	24	scReadSim-cna_N	2:189771313	24	0	0.0
0.225	0.2477083333333334	2.2120135874078626	0.8083333333333333	135	scReadSim-cna_N	2:190204708	135	0	0.0
0.22666666666666666	0.24862222222222224	2.1997955227136377	0.805	136	scReadSim-cna_N	2:190204750	136	0	0.0
0.1	0.1	3.162277657006102	0.905	60	scReadSim-cna_N	2:190204963	60	1	0.016666666666666666
0.155	0.15764166666666662	2.5615557387730457	0.8583333333333333	93	scReadSim-cna_N	2:191425212	93	0	0.0
0.17166666666666666	0.16553055555555557	2.3700260073625463	0.8383333333333334	103	scReadSim-cna_N	2:203434060	103	0	0.0
0.09833333333333333	0.09533055555555554	3.1398962654748215	0.905	59	scReadSim-cna_N	2:206114956	59	0	0.0
0.11666666666666667	0.12305555555555553	3.006795023115488	0.8916666666666667	70	scReadSim-cna_N	2:210678677	70	0	0.0
0.051666666666666666	0.05233055555555555	4.427588271890786	0.95	31	scReadSim-cna_N	2:216206043	31	0	0.0
0.25666666666666665	0.2607888888888889	1.9896426017920228	0.7733333333333333	154	scReadSim-cna_N	2:217799910	154	0	0.0
0.07333333333333333	0.07128888888888889	3.640906248580726	0.9283333333333333	44	scReadSim-cna_N	2:235055489	44	0	0.0
0.06666666666666667	0.06555555555555556	3.8405728681734455	0.935	40	scReadSim-cna_N	2:237324109	40	0	0.0
0.03166666666666667	0.030663888888888893	5.5298234307517316	0.9683333333333334	19	scReadSim-cna_N	2:237553681	19	0	0.0
0.3333333333333333	0.35555555555555557	1.7888543814631757	0.7216666666666667	200	scReadSim-cna_N	2:237574521	200	1	0.005
0.155	0.17764166666666667	2.71919730487296	0.86	93	scReadSim-cna_N	2:237574619	93	0	0.0
0.09333333333333334	0.09795555555555556	3.3533413090658493	0.9133333333333333	56	scReadSim-cna_N	2:237574688	56	0	0.0
2.765	4.2997749999999995	0.749942091222629	0.09833333333333333	1659	scReadSim-cna_N	2:240878862	1659	1	0.0006027727546714888
2.0166666666666666	2.7997222222222224	0.8297043217883	0.18333333333333332	1210	scReadSim-cna_N	2:240879110	1210	1	0.0008264462809917355
0.08	0.07360000000000001	3.391164987323678	0.92	48	scReadSim-cna_N	2:240880379	48	0	0.0
0.025	0.027708333333333335	6.65832809184608	0.9766666666666667	15	scReadSim-cna_N	2:240981558	15	0	0.0
0.023333333333333334	0.022788888888888893	6.469709614686531	0.9766666666666667	14	scReadSim-cna_N	2:240981657	14	0	0.0
0.058333333333333334	0.054930555555555545	4.017817453233808	0.9416666666666667	35	scReadSim-cna_N	2:241095731	35	0	0.0
0.13	0.12643333333333337	2.735189630703242	0.8766666666666667	78	scReadSim-cna_N	2:241182976	78	0	0.0
0.225	0.21770833333333334	2.073743358955287	0.7966666666666666	135	scReadSim-cna_N	2:241495187	135	0	0.0
0.02	0.019599999999999996	6.999999964999999	0.98	12	scReadSim-cna_N	2:241495394	12	0	0.0
0.03166666666666667	0.03066388888888889	5.5298234307517316	0.9683333333333334	19	scReadSim-cna_N	2:241573734	19	0	0.0
0.2916666666666667	0.32326388888888885	1.949358868293441	0.7633333333333333	175	scReadSim-cna_N	2:241672519	175	0	0.0
0.05333333333333334	0.05048888888888888	4.213074878688663	0.9466666666666667	32	scReadSim-cna_N	2:241673674	32	0	0.0
0.06166666666666667	0.0578638888888889	3.900796863060973	0.9383333333333334	37	scReadSim-cna_N	2:241673718	37	0	0.0
0.016666666666666666	0.016388888888888887	7.681145701781733	0.9833333333333333	10	scReadSim-cna_N	2:241675757	10	0	0.0
0.023333333333333334	0.026122222222222224	6.9267302116858165	0.9783333333333334	14	scReadSim-cna_N	2:241676047	14	0	0.0
0.03	0.0291	5.686240684123191	0.97	18	scReadSim-cna_N	2:241768418	18	0	0.0
0.2683333333333333	0.2629972222222222	1.9111771965636615	0.7616666666666667	161	scReadSim-cna_N	2:241768747	161	0	0.0
0.20833333333333334	0.18826388888888887	2.0826905665114785	0.8033333333333333	125	scReadSim-cna_N	2:241768770	125	1	0.008
0.023333333333333334	0.022788888888888893	6.469709614686531	0.9766666666666667	14	scReadSim-cna_N	20:435505	14	0	0.0
0.025	0.027708333333333328	6.658328091846079	0.9766666666666667	15	scReadSim-cna_N	20:436312	15	0	0.0
0.1	0.11	3.316624787038775	0.9083333333333333	60	scReadSim-cna_N	20:3687178	60	0	0.0
0.045	0.042975000000000006	4.606758310124511	0.955	27	scReadSim-cna_N	20:3874335	27	0	0.0
0.03666666666666667	0.03532222222222223	5.1256928438428195	0.9633333333333334	22	scReadSim-cna_N	20:5546530	22	0	0.0
0.25166666666666665	0.2783305555555556	2.09630633203384	0.7916666666666666	151	scReadSim-cna_N	20:7883352	151	0	0.0
0.09666666666666666	0.11065555555555558	3.441199632410372	0.9133333333333333	58	scReadSim-cna_N	20:7981481	58	0	0.0
0.056666666666666664	0.05345555555555556	4.080080730178643	0.9433333333333334	34	scReadSim-cna_N	20:10405365	34	0	0.0
0.05333333333333334	0.05382222222222223	4.349928152170214	0.9483333333333334	32	scReadSim-cna_N	20:10405411	32	0	0.0
0.06166666666666667	0.06453055555555556	4.119383523901088	0.9416666666666667	37	scReadSim-cna_N	20:13168981	37	0	0.0
0.018333333333333333	0.017997222222222223	7.317475928304944	0.9816666666666667	11	scReadSim-cna_N	20:17990910	11	0	0.0
0.04833333333333333	0.04933055555555555	4.595272337473194	0.9533333333333334	29	scReadSim-cna_N	20:21389808	29	0	0.0
0.03833333333333333	0.03686388888888889	5.008688090792904	0.9616666666666667	23	scReadSim-cna_N	20:25226438	23	0	0.0
0.018333333333333333	0.017997222222222223	7.317475928304944	0.9816666666666667	11	scReadSim-cna_N	20:25297964	11	0	0.0
0.051666666666666666	0.055663888888888874	4.566424988121809	0.9516666666666667	31	scReadSim-cna_N	20:25452900	31	0	0.0
0.25666666666666665	0.28412222222222216	2.076744795556716	0.78	154	scReadSim-cna_N	20:35002555	154	2	0.012987012987012988
0.13666666666666666	0.1513222222222222	2.846352956282287	0.8783333333333333	82	scReadSim-cna_N	20:35002614	82	0	0.0
0.33666666666666667	0.33665555555555554	1.7234265282667418	0.715	202	scReadSim-cna_N	20:35278950	202	0	0.0
0.07666666666666666	0.0807888888888889	3.7073982085057082	0.9283333333333333	46	scReadSim-cna_N	20:36045977	46	2	0.043478260869565216
0.025	0.024374999999999997	6.244997973418406	0.975	15	scReadSim-cna_N	20:36232725	15	0	0.0
0.07166666666666667	0.07319722222222223	3.7751142036573766	0.9316666666666666	43	scReadSim-cna_N	20:36528445	43	0	0.0
0.29833333333333334	0.3126638888888889	1.8742912681070583	0.75	179	scReadSim-cna_N	20:37236651	179	0	0.0
0.028333333333333332	0.02753055555555556	5.856117946642017	0.9716666666666667	17	scReadSim-cna_N	20:37316940	17	0	0.0
0.051666666666666666	0.04899722222222221	4.284254735496762	0.9483333333333334	31	scReadSim-cna_N	20:37316993	31	0	0.0
0.016666666666666666	0.01638888888888889	7.681145701781734	0.9833333333333333	10	scReadSim-cna_N	20:44907814	10	0	0.0
1.765	2.3931083333333336	0.8764688178350375	0.22	1059	scReadSim-cna_N	20:45325418	1059	1	0.0009442870632672333
0.065	0.070775	4.092857099679613	0.94	39	scReadSim-cna_N	20:45325763	39	2	0.05128205128205128
0.06	0.0664	4.29469956841721	0.945	36	scReadSim-cna_N	20:45325767	36	2	0.05555555555555555
0.02	0.019599999999999996	6.999999964999999	0.98	12	scReadSim-cna_N	20:45367240	12	0	0.0
0.018333333333333333	0.01799722222222222	7.317475928304944	0.9816666666666667	11	scReadSim-cna_N	20:46686707	11	0	0.0
0.08166666666666667	0.08166388888888887	3.4992115449154144	0.9216666666666666	49	scReadSim-cna_N	20:49096526	49	1	0.02040816326530612
0.02666666666666667	0.025955555555555558	6.041522964141575	0.9733333333333334	16	scReadSim-cna_N	20:51597010	16	0	0.0
0.07	0.06843333333333333	3.737109358134306	0.9316666666666666	42	scReadSim-cna_N	20:56404115	42	0	0.0
0.2	0.1966666666666667	2.217355781499667	0.8166666666666667	120	scReadSim-cna_N	20:56518845	120	0	0.0
1.02	1.2696	1.1046718446762693	0.40166666666666667	612	scReadSim-cna_N	20:57566163	612	2	0.0032679738562091504
0.06166666666666667	0.06786388888888889	4.224437577009328	0.9433333333333334	37	scReadSim-cna_N	20:58715649	37	0	0.0
0.07833333333333334	0.07219722222222223	3.4301541389225894	0.9216666666666666	47	scReadSim-cna_N	20:58715790	47	0	0.0
0.043333333333333335	0.04478888888888888	4.883858197760318	0.9583333333333334	26	scReadSim-cna_N	20:58994761	26	0	0.0
0.525	0.6327083333333333	1.5151041012165103	0.6166666666666667	315	scReadSim-cna_N	20:62388438	315	0	0.0
0.095	0.10930833333333333	3.480190606796633	0.915	57	scReadSim-cna_N	20:62945425	57	1	0.017543859649122806
0.03	0.0291	5.686240684123191	0.97	18	scReadSim-cna_N	20:62969425	18	0	0.0
0.185	0.19077499999999997	2.3609620291844475	0.835	111	scReadSim-cna_N	21:17569905	111	0	0.0
0.045	0.046308333333333354	4.782082460138544	0.9566666666666667	27	scReadSim-cna_N	21:29345880	27	0	0.0
0.13	0.14310000000000003	2.909889277665891	0.8833333333333333	78	scReadSim-cna_N	21:34142817	78	0	0.0
0.18	0.18760000000000002	2.4062675350751532	0.8383333333333334	108	scReadSim-cna_N	21:37065463	108	0	0.0
0.17333333333333334	0.1832888888888889	2.4699375921138547	0.845	104	scReadSim-cna_N	21:38823540	104	0	0.0
0.15	0.15749999999999997	2.645751309300756	0.8633333333333333	90	scReadSim-cna_N	21:39342552	90	0	0.0
0.03166666666666667	0.03066388888888889	5.5298234307517316	0.9683333333333334	19	scReadSim-cna_N	21:41885354	19	0	0.0
0.24166666666666667	0.3099305555555556	2.3036444259625037	0.805	145	scReadSim-cna_N	21:43756077	145	1	0.006896551724137931
0.095	0.085975	3.0864730307291337	0.905	57	scReadSim-cna_N	21:43762120	57	0	0.0
0.095	0.09264166666666665	3.2039045858443775	0.9083333333333333	57	scReadSim-cna_N	21:43762183	57	0	0.0
0.245	0.24164166666666664	2.006410660756824	0.7766666666666666	147	scReadSim-cna_N	21:44849838	147	0	0.0
0.055	0.051975	4.145095670710007	0.945	33	scReadSim-cna_N	21:46129596	33	0	0.0
0.06666666666666667	0.06222222222222224	3.741657381161456	0.9333333333333333	40	scReadSim-cna_N	21:46129655	40	1	0.025
0.06333333333333334	0.06265555555555556	3.9522776427815085	0.9383333333333334	38	scReadSim-cna_N	21:46129715	38	0	0.0
0.5933333333333334	0.6979555555555556	1.4080404669825137	0.5733333333333334	356	scReadSim-cna_N	21:46132710	356	0	0.0
7.56	17.049733333333332	0.5461815176719125	0.008333333333333333	4536	scReadSim-cna_N	21:46136879	4536	12	0.0026455026455026454
7.398333333333333	15.919663888888888	0.539303268626711	0.006666666666666667	4439	scReadSim-cna_N	21:46136895	4439	20	0.004505519261094841
0.04666666666666667	0.04448888888888888	4.5197977101879685	0.9533333333333334	28	scReadSim-cna_N	21:46137308	28	0	0.0
0.04666666666666667	0.04448888888888888	4.5197977101879685	0.9533333333333334	28	scReadSim-cna_N	21:46138559	28	0	0.0
0.05333333333333334	0.060488888888888884	4.6114666777776785	0.9516666666666667	32	scReadSim-cna_N	21:46188666	32	0	0.0
0.06833333333333333	0.06366388888888887	3.6924444886224888	0.9316666666666666	41	scReadSim-cna_N	21:46635690	41	0	0.0
0.05333333333333334	0.05048888888888888	4.213074878688663	0.9466666666666667	32	scReadSim-cna_N	21:46664908	32	0	0.0
0.31833333333333336	0.41033055555555553	2.0122633258423575	0.75	191	scReadSim-cna_N	22:19523195	191	0	0.0
0.07166666666666667	0.06986388888888888	3.6881550663305505	0.93	43	scReadSim-cna_N	22:19523349	43	0	0.0
0.03333333333333333	0.03555555555555555	5.656854232521816	0.9683333333333334	20	scReadSim-cna_N	22:20889399	20	0	0.0
0.9933333333333333	1.9632888888888889	1.4105779637911056	0.4816666666666667	596	scReadSim-cna_N	22:22901301	596	1	0.0016778523489932886
0.06666666666666667	0.06555555555555556	3.8405728681734455	0.935	40	scReadSim-cna_N	22:29259427	40	0	0.0
0.03666666666666667	0.03865555555555556	5.362095295579241	0.965	22	scReadSim-cna_N	22:30027755	22	0	0.0
0.4583333333333333	0.5449305555555556	1.6106053475773978	0.6533333333333333	275	scReadSim-cna_N	22:30423640	275	0	0.0
0.7416666666666667	0.9315972222222223	1.301383606997513	0.5166666666666667	445	scReadSim-cna_N	22:30423770	445	0	0.0
0.10833333333333334	0.1265972222222222	3.2843541570004717	0.9066666666666666	65	scReadSim-cna_N	22:31206786	65	0	0.0
0.19833333333333333	0.1956638888888889	2.230281229489557	0.82	119	scReadSim-cna_N	22:35666124	119	0	0.0
0.05333333333333334	0.05715555555555555	4.482605260855391	0.95	32	scReadSim-cna_N	22:35668367	32	0	0.0
0.07666666666666666	0.07078888888888889	3.47037148291819	0.9233333333333333	46	scReadSim-cna_N	22:37633288	46	1	0.021739130434782608
0.06	0.056400000000000006	3.9581140224157827	0.94	36	scReadSim-cna_N	22:37655992	36	0	0.0
0.041666666666666664	0.03993055555555557	4.795831511802725	0.9583333333333334	25	scReadSim-cna_N	22:38216204	25	1	0.04
0.06833333333333333	0.06366388888888887	3.6924444886224888	0.9316666666666666	41	scReadSim-cna_N	22:38216365	41	0	0.0
0.041666666666666664	0.03993055555555557	4.795831511802725	0.9583333333333334	25	scReadSim-cna_N	22:38219529	25	0	0.0
0.3566666666666667	0.4261222222222222	1.830225359053426	0.7116666666666667	214	scReadSim-cna_N	22:38483683	214	0	0.0
0.07333333333333333	0.08462222222222224	3.9668043999127995	0.935	44	scReadSim-cna_N	22:38684240	44	0	0.0
0.755	0.8316416666666667	1.2078727077513365	0.495	453	scReadSim-cna_N	22:38734838	453	1	0.002207505518763797
0.49166666666666664	0.5399305555555555	1.4945078038103032	0.6283333333333333	295	scReadSim-cna_N	22:38734959	295	0	0.0
0.4766666666666667	0.5194555555555556	1.51202654218965	0.6366666666666667	286	scReadSim-cna_N	22:38734966	286	0	0.0
0.2866666666666667	0.32115555555555564	1.9768809795293123	0.7633333333333333	172	scReadSim-cna_N	22:40824752	172	0	0.0
0.028333333333333332	0.027530555555555558	5.856117946642016	0.9716666666666667	17	scReadSim-cna_N	22:43162920	17	0	0.0
0.08333333333333333	0.08638888888888888	3.527038413477234	0.9216666666666666	50	scReadSim-cna_N	22:43162966	50	0	0.0
0.4633333333333333	0.5486555555555557	1.5986608698262732	0.6616666666666666	278	scReadSim-cna_N	22:43163131	278	1	0.0035971223021582736
0.11166666666666666	0.1258638888888889	3.1770717318355173	0.9	67	scReadSim-cna_N	22:43166699	67	0	0.0
0.055	0.05530833333333335	4.275949776364016	0.9466666666666667	33	scReadSim-cna_N	22:43947089	33	0	0.0
0.07166666666666667	0.07653055555555556	3.8601148568419075	0.9333333333333333	43	scReadSim-cna_N	22:43947271	43	0	0.0
0.02666666666666667	0.025955555555555555	6.041522964141574	0.9733333333333334	16	scReadSim-cna_N	22:45187725	16	0	0.0
0.15	0.1675	2.7284509221385163	0.8666666666666667	90	scReadSim-cna_N	22:45187859	90	0	0.0
0.13666666666666666	0.14465555555555554	2.7829471345476495	0.875	82	scReadSim-cna_N	22:45187922	82	0	0.0
0.07833333333333334	0.07219722222222222	3.4301541389225894	0.9216666666666666	47	scReadSim-cna_N	22:49963768	47	0	0.0
0.045	0.052975000000000015	5.114733004848996	0.96	27	scReadSim-cna_N	22:50199168	27	0	0.0
0.17666666666666667	0.18545555555555557	2.4376160947500143	0.84	106	scReadSim-cna_N	22:50199493	106	0	0.0
0.08666666666666667	0.08915555555555557	3.4452608693414213	0.9183333333333333	52	scReadSim-cna_N	22:50523425	52	0	0.0
1.2633333333333334	1.3406555555555553	0.9165172657813674	0.295	758	scReadSim-cna_N	22:50525807	758	2	0.002638522427440633
0.056666666666666664	0.056788888888888896	4.205368122394087	0.945	34	scReadSim-cna_N	22:50578965	34	0	0.0
0.19	0.1905666666666667	2.297575902285047	0.8283333333333334	114	scReadSim-cna_N	22:50579047	114	0	0.0
0.1	0.10333333333333335	3.214550250449768	0.9066666666666666	60	scReadSim-cna_N	22:50579085	60	0	0.0
0.043333333333333335	0.04145555555555555	4.698608621180273	0.9566666666666667	26	scReadSim-cna_N	3:4361469	26	0	0.0
0.065	0.07410833333333335	4.188130116302352	0.9416666666666667	39	scReadSim-cna_N	3:9780230	39	0	0.0
0.05333333333333334	0.05048888888888888	4.213074878688663	0.9466666666666667	32	scReadSim-cna_N	3:12898047	32	0	0.0
0.07666666666666666	0.08412222222222221	3.7831084078340274	0.93	46	scReadSim-cna_N	3:13316486	46	0	0.0
0.021666666666666667	0.024530555555555552	7.228723081393685	0.98	13	scReadSim-cna_N	3:15264363	13	0	0.0
0.035	0.03710833333333333	5.50386380951624	0.9666666666666667	21	scReadSim-cna_N	3:15264388	21	0	0.0
0.02666666666666667	0.025955555555555555	6.041522964141574	0.9733333333333334	16	scReadSim-cna_N	3:16260452	16	0	0.0
0.03333333333333333	0.03555555555555555	5.656854232521816	0.9683333333333334	20	scReadSim-cna_N	3:32996691	20	0	0.0
0.03333333333333333	0.032222222222222215	5.385164790979009	0.9666666666666667	20	scReadSim-cna_N	3:33144864	20	0	0.0
0.12333333333333334	0.12145555555555555	2.8257141262101495	0.8833333333333333	74	scReadSim-cna_N	3:37053188	74	0	0.0
0.06833333333333333	0.06699722222222221	3.787876330691619	0.9333333333333333	41	scReadSim-cna_N	3:39096591	41	0	0.0
0.025	0.024375	6.244997973418406	0.975	15	scReadSim-cna_N	3:39396830	15	0	0.0
0.075	0.07270833333333333	3.595264370175967	0.9266666666666666	45	scReadSim-cna_N	3:42537370	45	0	0.0
0.016666666666666666	0.019722222222222228	8.42614972261946	0.985	10	scReadSim-cna_N	3:42638508	10	0	0.0
0.03333333333333333	0.03555555555555555	5.656854232521816	0.9683333333333334	20	scReadSim-cna_N	3:43719642	20	0	0.0
0.03	0.032433333333333335	6.003085606318647	0.9716666666666667	18	scReadSim-cna_N	3:46670360	18	0	0.0
0.03666666666666667	0.03865555555555556	5.362095295579241	0.965	22	scReadSim-cna_N	3:50354037	22	0	0.0
0.14	0.1537333333333333	2.80063160800576	0.875	84	scReadSim-cna_N	3:52791569	84	0	0.0
0.17333333333333334	0.17328888888888888	2.4016143471912472	0.8416666666666667	104	scReadSim-cna_N	3:52820455	104	0	0.0
0.16666666666666666	0.1688888888888889	2.4657655997081314	0.8483333333333334	100	scReadSim-cna_N	3:52820519	100	0	0.0
0.028333333333333332	0.030863888888888892	6.200513407018874	0.9733333333333334	17	scReadSim-cna_N	3:52847349	17	0	0.0
0.04833333333333333	0.04599722222222222	4.437302681916048	0.9516666666666667	29	scReadSim-cna_N	3:53091569	29	0	0.0
0.115	0.11844166666666667	2.9926395713203124	0.8933333333333333	69	scReadSim-cna_N	3:53816448	69	0	0.0
0.04666666666666667	0.051155555555555544	4.846627262096476	0.9566666666666667	28	scReadSim-cna_N	3:56620294	28	0	0.0
0.023333333333333334	0.022788888888888893	6.469709614686531	0.9766666666666667	14	scReadSim-cna_N	3:58294362	14	0	0.0
0.17	0.17443333333333336	2.4567774566617064	0.845	102	scReadSim-cna_N	3:58294584	102	0	0.0
0.145	0.1373083333333333	2.555526832360177	0.8616666666666667	87	scReadSim-cna_N	3:58294679	87	0	0.0
0.105	0.123975	3.353341309465057	0.9083333333333333	63	scReadSim-cna_N	3:58427678	63	0	0.0
0.295	0.3246416666666667	1.9314350730740033	0.7533333333333333	177	scReadSim-cna_N	3:58427738	177	0	0.0
0.075	0.07604166666666667	3.676753796825284	0.9283333333333333	45	scReadSim-cna_N	3:58427935	45	0	0.0
0.058333333333333334	0.05826388888888888	4.137928095180762	0.9433333333333334	35	scReadSim-cna_N	3:67375539	35	0	0.0
0.041666666666666664	0.0432638888888889	4.991993577758691	0.96	25	scReadSim-cna_N	3:67375559	25	0	0.0
0.11333333333333333	0.11048888888888891	2.932929612075159	0.8916666666666667	68	scReadSim-cna_N	3:87255411	68	0	0.0
0.07166666666666667	0.06986388888888889	3.6881550663305513	0.93	43	scReadSim-cna_N	3:93874275	43	0	0.0
0.07166666666666667	0.06653055555555556	3.5990954885837296	0.9283333333333333	43	scReadSim-cna_N	3:98579756	43	0	0.0
0.075	0.07270833333333333	3.595264370175967	0.9266666666666666	45	scReadSim-cna_N	3:98795197	45	0	0.0
0.03	0.0291	5.686240684123191	0.97	18	scReadSim-cna_N	3:98796317	18	0	0.0
0.07	0.07176666666666666	3.8270430441209964	0.9333333333333333	42	scReadSim-cna_N	3:105576617	42	0	0.0
0.08166666666666667	0.08166388888888887	3.4992115449154144	0.9216666666666666	49	scReadSim-cna_N	3:119629739	49	0	0.0
0.06666666666666667	0.06555555555555558	3.8405728681734455	0.935	40	scReadSim-cna_N	3:122574926	40	0	0.0
0.06	0.0664	4.29469956841721	0.945	36	scReadSim-cna_N	3:126437817	36	0	0.0
0.06666666666666667	0.06555555555555558	3.8405728681734455	0.935	40	scReadSim-cna_N	3:126481303	40	1	0.025
0.1	0.10333333333333333	3.214550250449768	0.9066666666666666	60	scReadSim-cna_N	3:126481448	60	0	0.0
0.02666666666666667	0.025955555555555558	6.041522964141575	0.9733333333333334	16	scReadSim-cna_N	3:126481560	16	0	0.0
0.17833333333333334	0.17986388888888888	2.3781511943312474	0.8383333333333334	107	scReadSim-cna_N	3:126543249	107	0	0.0
0.065	0.06744166666666668	3.995312829518721	0.9383333333333334	39	scReadSim-cna_N	3:129555520	39	0	0.0
0.07	0.08176666666666667	4.084981613453678	0.9383333333333334	42	scReadSim-cna_N	3:132538903	42	0	0.0
0.025	0.024374999999999997	6.244997973418406	0.975	15	scReadSim-cna_N	3:132676967	15	0	0.0
0.36666666666666664	0.37888888888888883	1.678744118871196	0.6966666666666667	220	scReadSim-cna_N	3:133775510	220	2	0.00909090909090909
0.03833333333333333	0.03686388888888889	5.008688090792904	0.9616666666666667	23	scReadSim-cna_N	3:134355888	23	0	0.0
0.06333333333333334	0.07265555555555556	4.256004387920841	0.9416666666666667	38	scReadSim-cna_N	3:138494450	38	0	0.0
0.04833333333333333	0.04933055555555555	4.595272337473194	0.9533333333333334	29	scReadSim-cna_N	3:143060452	29	0	0.0
0.3466666666666667	0.38315555555555564	1.7855642366297118	0.7216666666666667	208	scReadSim-cna_N	3:148742913	208	2	0.009615384615384616
0.05333333333333334	0.06382222222222222	4.736823821492559	0.9533333333333334	32	scReadSim-cna_N	3:149027449	32	1	0.03125
0.9666666666666667	1.1222222222222222	1.0958792124432333	0.415	580	scReadSim-cna_N	3:149172945	580	3	0.005172413793103448
0.195	0.21364166666666667	2.370327565239963	0.83	117	scReadSim-cna_N	3:150542155	117	0	0.0
0.07833333333333334	0.07886388888888889	3.5850274584097663	0.925	47	scReadSim-cna_N	3:172505586	47	0	0.0
0.2683333333333333	0.2929972222222222	2.017237930571982	0.775	161	scReadSim-cna_N	3:172505830	161	0	0.0
0.28	0.30160000000000003	1.9613614589775108	0.765	168	scReadSim-cna_N	3:172505837	168	0	0.0
0.3016666666666667	0.3139972222222222	1.8575288959396694	0.7466666666666667	181	scReadSim-cna_N	3:172505900	181	1	0.0055248618784530384
0.045	0.04630833333333334	4.782082460138543	0.9566666666666667	27	scReadSim-cna_N	3:177021010	27	0	0.0
0.041666666666666664	0.04326388888888891	4.991993577758691	0.96	25	scReadSim-cna_N	3:179394877	25	0	0.0
0.055	0.05530833333333335	4.275949776364016	0.9466666666666667	33	scReadSim-cna_N	3:183920057	33	0	0.0
0.05	0.05749999999999999	4.795831513721056	0.955	30	scReadSim-cna_N	3:184372478	30	0	0.0
0.03666666666666667	0.03865555555555556	5.362095295579241	0.965	22	scReadSim-cna_N	3:185488929	22	0	0.0
2.5566666666666666	3.650122222222222	0.7472735218237052	0.11666666666666667	1534	scReadSim-cna_N	3:186743560	1534	0	0.0
0.12833333333333333	0.14519722222222223	2.9692015516576933	0.8883333333333333	77	scReadSim-cna_N	3:187217525	77	0	0.0
0.09333333333333334	0.10462222222222221	3.4655741307749426	0.9166666666666666	56	scReadSim-cna_N	3:187217538	56	0	0.0
0.7033333333333334	0.7919888888888889	1.2653140886896697	0.5216666666666666	422	scReadSim-cna_N	3:190305763	422	1	0.002369668246445498
0.13333333333333333	0.14222222222222225	2.82842712262487	0.88	80	scReadSim-cna_N	3:190306048	80	0	0.0
0.04666666666666667	0.04448888888888888	4.5197977101879685	0.9533333333333334	28	scReadSim-cna_N	3:190306399	28	0	0.0
0.13166666666666665	0.14099722222222225	2.8518681116330207	0.88	79	scReadSim-cna_N	3:190308016	79	0	0.0
0.03833333333333333	0.04019722222222222	5.230237793915849	0.9633333333333334	23	scReadSim-cna_N	3:191394437	23	0	0.0
0.02	0.019599999999999996	6.999999964999999	0.98	12	scReadSim-cna_N	3:193694883	12	0	0.0
0.04666666666666667	0.04448888888888888	4.5197977101879685	0.9533333333333334	28	scReadSim-cna_N	3:194640947	28	0	0.0
0.03333333333333333	0.032222222222222215	5.385164790979009	0.9666666666666667	20	scReadSim-cna_N	3:194640985	20	1	0.05
0.028333333333333332	0.030863888888888896	6.2005134070188745	0.9733333333333334	17	scReadSim-cna_N	3:194641039	17	0	0.0
0.06833333333333333	0.07366388888888888	3.971867153710484	0.9366666666666666	41	scReadSim-cna_N	3:195514593	41	0	0.0
0.05	0.04749999999999999	4.358898934822874	0.95	30	scReadSim-cna_N	4:1693082	30	0	0.0
0.07166666666666667	0.0798638888888889	3.943283678023632	0.9333333333333333	43	scReadSim-cna_N	4:2250447	43	0	0.0
0.08333333333333333	0.07972222222222221	3.3882148651536257	0.9183333333333333	50	scReadSim-cna_N	4:3432055	50	1	0.02
0.20833333333333334	0.2082638888888889	2.190525050163439	0.8133333333333334	125	scReadSim-cna_N	4:3448159	125	0	0.0
0.3	0.35333333333333333	1.9813949437980916	0.7616666666666667	180	scReadSim-cna_N	4:3512812	180	0	0.0
0.02	0.019599999999999992	6.999999964999999	0.98	12	scReadSim-cna_N	4:4235838	12	0	0.0
0.05	0.05083333333333333	4.509249743804395	0.9516666666666667	30	scReadSim-cna_N	4:8366877	30	0	0.0
0.025	0.024374999999999997	6.244997973418406	0.975	15	scReadSim-cna_N	4:16161642	15	0	0.0
0.018333333333333333	0.01799722222222222	7.317475928304944	0.9816666666666667	11	scReadSim-cna_N	4:16161863	11	0	0.0
0.02666666666666667	0.025955555555555558	6.041522964141575	0.9733333333333334	16	scReadSim-cna_N	4:24800790	16	0	0.0
0.018333333333333333	0.017997222222222223	7.317475928304944	0.9816666666666667	11	scReadSim-cna_N	4:27023875	11	0	0.0
0.125	0.14270833333333333	3.0221405193537905	0.89	75	scReadSim-cna_N	4:38700816	75	1	0.013333333333333334
0.11666666666666667	0.13972222222222225	3.203951638968871	0.8983333333333333	70	scReadSim-cna_N	4:38944804	70	0	0.0
0.035	0.03710833333333334	5.503863809516241	0.9666666666666667	21	scReadSim-cna_N	4:39287688	21	0	0.0
0.15666666666666668	0.14545555555555556	2.4343810194006124	0.85	94	scReadSim-cna_N	4:39498894	94	0	0.0
0.02666666666666667	0.025955555555555555	6.041522964141574	0.9733333333333334	16	scReadSim-cna_N	5:1461453	16	0	0.0
0.045	0.04630833333333334	4.782082460138543	0.9566666666666667	27	scReadSim-cna_N	5:6372135	27	0	0.0
0.135	0.17010833333333333	3.0551252947917407	0.8883333333333333	81	scReadSim-cna_N	5:10264850	81	0	0.0
0.18833333333333332	0.18286388888888888	2.270579865550457	0.8266666666666667	113	scReadSim-cna_N	5:10264964	113	0	0.0
1.315	1.5524416666666665	0.947505833279657	0.2833333333333333	789	scReadSim-cna_N	5:10279318	789	0	0.0
0.16166666666666665	0.17219722222222225	2.5668032857212792	0.8566666666666667	97	scReadSim-cna_N	5:14709926	97	0	0.0
0.035	0.033775	5.250850256280172	0.965	21	scReadSim-cna_N	5:16474535	21	0	0.0
0.045	0.04630833333333335	4.782082460138544	0.9566666666666667	27	scReadSim-cna_N	5:31401340	27	0	0.0
0.03333333333333333	0.032222222222222215	5.385164790979009	0.9666666666666667	20	scReadSim-cna_N	5:35879501	20	0	0.0
0.23166666666666666	0.26133055555555557	2.206640301723047	0.81	139	scReadSim-cna_N	5:36193130	139	0	0.0
0.025	0.027708333333333335	6.65832809184608	0.9766666666666667	15	scReadSim-cna_N	5:38935580	15	0	0.0
0.02666666666666667	0.02928888888888889	6.417748802430158	0.975	16	scReadSim-cna_N	5:39373151	16	0	0.0
0.03	0.032433333333333335	6.003085606318647	0.9716666666666667	18	scReadSim-cna_N	5:40981587	18	0	0.0
0.48833333333333334	0.6498638888888888	1.650801415121311	0.6616666666666666	293	scReadSim-cna_N	5:40982875	293	2	0.006825938566552901
1.6216666666666666	2.2585305555555557	0.9267261017413045	0.25666666666666665	973	scReadSim-cna_N	5:41142504	973	6	0.006166495375128468
0.03333333333333333	0.032222222222222215	5.385164790979009	0.9666666666666667	20	scReadSim-cna_N	5:42805344	20	0	0.0
0.38666666666666666	0.43715555555555546	1.7099415537946616	0.6966666666666667	232	scReadSim-cna_N	5:43289606	232	0	0.0
0.02666666666666667	0.025955555555555555	6.041522964141574	0.9733333333333334	16	scReadSim-cna_N	5:44828492	16	0	0.0
0.041666666666666664	0.0432638888888889	4.991993577758691	0.96	25	scReadSim-cna_N	5:52952461	25	0	0.0
0.03833333333333333	0.03686388888888889	5.008688090792904	0.9616666666666667	23	scReadSim-cna_N	5:52953778	23	0	0.0
0.03833333333333333	0.03686388888888889	5.008688090792904	0.9616666666666667	23	scReadSim-cna_N	5:52953782	23	0	0.0
0.03	0.0291	5.686240684123191	0.97	18	scReadSim-cna_N	5:52953878	18	0	0.0
0.041666666666666664	0.04326388888888891	4.991993577758691	0.96	25	scReadSim-cna_N	5:52954427	25	0	0.0
0.03166666666666667	0.030663888888888893	5.5298234307517316	0.9683333333333334	19	scReadSim-cna_N	5:52956125	19	0	0.0
0.13666666666666666	0.1613222222222222	2.9388978799563326	0.8833333333333333	82	scReadSim-cna_N	5:52956361	82	0	0.0
0.23	0.2404333333333333	2.1319131211717357	0.7966666666666666	138	scReadSim-cna_N	5:53683267	138	1	0.007246376811594203
0.03333333333333333	0.032222222222222215	5.385164790979009	0.9666666666666667	20	scReadSim-cna_N	5:53883986	20	0	0.0
0.05	0.054166666666666655	4.654746671946819	0.9533333333333334	30	scReadSim-cna_N	5:72219789	30	0	0.0
0.03	0.0291	5.686240684123191	0.97	18	scReadSim-cna_N	5:73090312	18	0	0.0
0.115	0.11510833333333335	2.9502277395434477	0.8916666666666667	69	scReadSim-cna_N	5:76969157	69	0	0.0
0.15333333333333332	0.1464888888888889	2.4961217539211944	0.855	92	scReadSim-cna_N	5:76969210	92	0	0.0
0.025	0.024374999999999997	6.244997973418406	0.975	15	scReadSim-cna_N	5:79686365	15	0	0.0
0.2833333333333333	0.3130555555555556	1.9747541559612067	0.7666666666666667	170	scReadSim-cna_N	5:81330127	170	2	0.011764705882352941
0.08166666666666667	0.09166388888888886	3.707270787615276	0.925	49	scReadSim-cna_N	5:83052895	49	0	0.0
0.10666666666666667	0.11528888888888889	3.1832078915774535	0.9016666666666666	64	scReadSim-cna_N	5:83052928	64	0	0.0
0.10333333333333333	0.09932222222222223	3.04988015709328	0.9	62	scReadSim-cna_N	5:96774507	62	0	0.0
0.02	0.02293333333333333	7.5718777565409745	0.9816666666666667	12	scReadSim-cna_N	5:97163079	12	0	0.0
0.13666666666666666	0.13465555555555553	2.6850324312030316	0.8716666666666667	82	scReadSim-cna_N	5:103203051	82	0	0.0
0.025	0.024374999999999997	6.244997973418406	0.975	15	scReadSim-cna_N	5:109867341	15	0	0.0
0.07666666666666666	0.08078888888888888	3.7073982085057082	0.9283333333333333	46	scReadSim-cna_N	5:110764969	46	0	0.0
0.09833333333333333	0.10199722222222221	3.247830908331212	0.9083333333333333	59	scReadSim-cna_N	5:112867867	59	0	0.0
0.315	0.35577500000000006	1.893551667263062	0.7416666666666667	189	scReadSim-cna_N	5:112876454	189	0	0.0
0.11833333333333333	0.1176638888888889	2.898774954449176	0.8883333333333333	71	scReadSim-cna_N	5:112876628	71	0	0.0
0.5183333333333333	0.5463305555555554	1.4259969828605301	0.605	311	scReadSim-cna_N	5:126544897	311	2	0.006430868167202572
0.03166666666666667	0.030663888888888893	5.5298234307517316	0.9683333333333334	19	scReadSim-cna_N	5:127554849	19	0	0.0
0.185	0.21077500000000002	2.4816345126860875	0.8433333333333334	111	scReadSim-cna_N	5:133972170	111	0	0.0
0.03833333333333333	0.04019722222222222	5.230237793915849	0.9633333333333334	23	scReadSim-cna_N	5:134969507	23	0	0.0
0.285	0.2571083333333333	1.7791526687062469	0.74	171	scReadSim-cna_N	5:135946941	171	1	0.005847953216374269
0.5483333333333333	0.6243305555555556	1.440995576205767	0.5983333333333334	329	scReadSim-cna_N	5:135947143	329	2	0.0060790273556231
0.041666666666666664	0.03993055555555557	4.795831511802725	0.9583333333333334	25	scReadSim-cna_N	5:135951340	25	0	0.0
0.07666666666666666	0.07745555555555556	3.63010932720189	0.9266666666666666	46	scReadSim-cna_N	5:138934853	46	0	0.0
0.07333333333333333	0.06795555555555556	3.554766321701165	0.9266666666666666	44	scReadSim-cna_N	5:140706477	44	0	0.0
0.06166666666666667	0.061197222222222236	4.0115792889991635	0.94	37	scReadSim-cna_N	5:140706606	37	0	0.0
0.02	0.019599999999999992	6.999999964999999	0.98	12	scReadSim-cna_N	5:147824629	12	0	0.0
0.06333333333333334	0.06265555555555555	3.9522776427815085	0.9383333333333334	38	scReadSim-cna_N	5:148442506	38	0	0.0
0.18166666666666667	0.1953305555555556	2.4328192571860376	0.84	109	scReadSim-cna_N	5:149260199	109	0	0.0
0.92	1.0036	1.0889112856527872	0.4216666666666667	552	scReadSim-cna_N	5:150446963	552	1	0.0018115942028985507
0.045	0.04630833333333334	4.782082460138543	0.9566666666666667	27	scReadSim-cna_N	5:150558177	27	0	0.0
0.02	0.019599999999999992	6.999999964999999	0.98	12	scReadSim-cna_N	5:154420953	12	0	0.0
0.02	0.019599999999999992	6.999999964999999	0.98	12	scReadSim-cna_N	5:157138601	12	0	0.0
0.14333333333333334	0.1627888888888889	2.8149143064206195	0.8766666666666667	86	scReadSim-cna_N	5:157786489	86	0	0.0
0.07833333333333334	0.07553055555555556	3.508445474445894	0.9233333333333333	47	scReadSim-cna_N	5:168519256	47	0	0.0
0.35833333333333334	0.3965972222222222	1.7574688022917833	0.7116666666666667	215	scReadSim-cna_N	5:173787019	215	1	0.004651162790697674
0.15833333333333333	0.16659722222222223	2.5778730291631238	0.8583333333333333	95	scReadSim-cna_N	5:175528569	95	0	0.0
0.13166666666666665	0.1343305555555556	2.7836303578820867	0.8783333333333333	79	scReadSim-cna_N	5:175528581	79	0	0.0
0.018333333333333333	0.021330555555555554	7.966354826709251	0.9833333333333333	11	scReadSim-cna_N	5:175529464	11	1	0.09090909090909091
0.018333333333333333	0.021330555555555554	7.966354826709251	0.9833333333333333	11	scReadSim-cna_N	5:177520152	11	0	0.0
0.10833333333333334	0.11993055555555553	3.1967068824615237	0.9033333333333333	65	scReadSim-cna_N	5:177596097	65	0	0.0
0.06333333333333334	0.06265555555555556	3.9522776427815085	0.9383333333333334	38	scReadSim-cna_N	5:178210881	38	0	0.0
1.315	1.5891083333333333	0.9586299640913021	0.29833333333333334	789	scReadSim-cna_N	5:181237105	789	0	0.0
0.04833333333333333	0.04599722222222222	4.437302681916048	0.9516666666666667	29	scReadSim-cna_N	6:7281421	29	0	0.0
0.18833333333333332	0.19619722222222222	2.3519020671497692	0.8333333333333334	113	scReadSim-cna_N	6:10980820	113	0	0.0
0.021666666666666667	0.021197222222222215	6.719661132604933	0.9783333333333334	13	scReadSim-cna_N	6:11134628	13	0	0.0
0.07166666666666667	0.07319722222222223	3.7751142036573766	0.9316666666666666	43	scReadSim-cna_N	6:17759506	43	0	0.0
0.475	0.5327083333333333	1.5365657042131797	0.6433333333333333	285	scReadSim-cna_N	6:30493308	285	1	0.0035087719298245615
0.045	0.04630833333333334	4.782082460138543	0.9566666666666667	27	scReadSim-cna_N	6:31142614	27	0	0.0
2.0166666666666666	3.0363888888888892	0.8640613450360546	0.20666666666666667	1210	scReadSim-cna_N	6:31354079	1210	2	0.001652892561983471
0.785	0.9421083333333331	1.2364619774098498	0.49166666666666664	471	scReadSim-cna_N	6:31354171	471	0	0.0
0.03666666666666667	0.035322222222222234	5.12569284384282	0.9633333333333334	22	scReadSim-cna_N	6:31415217	22	0	0.0
0.07166666666666667	0.08319722222222221	4.0247342300732765	0.9366666666666666	43	scReadSim-cna_N	6:31588804	43	1	0.023255813953488372
0.021666666666666667	0.021197222222222218	6.719661132604933	0.9783333333333334	13	scReadSim-cna_N	6:31951801	13	0	0.0
0.18166666666666667	0.17199722222222225	2.282892538988569	0.83	109	scReadSim-cna_N	6:32180626	109	0	0.0
0.14166666666666666	0.14826388888888892	2.7180035397632736	0.87	85	scReadSim-cna_N	6:32643169	85	0	0.0
0.15833333333333333	0.16659722222222223	2.5778730291631238	0.8566666666666667	95	scReadSim-cna_N	6:32643174	95	0	0.0
0.18333333333333332	0.19638888888888892	2.417224689646665	0.8383333333333334	110	scReadSim-cna_N	6:32643191	110	0	0.0
0.18333333333333332	0.19305555555555556	2.3966229671407637	0.8366666666666667	110	scReadSim-cna_N	6:32643195	110	0	0.0
0.15	0.15749999999999997	2.645751309300756	0.865	90	scReadSim-cna_N	6:32643217	90	0	0.0
0.15	0.15749999999999997	2.645751309300756	0.865	90	scReadSim-cna_N	6:32643220	90	0	0.0
0.11666666666666667	0.12305555555555554	3.0067950231154885	0.8933333333333333	70	scReadSim-cna_N	6:32643257	70	0	0.0
0.09	0.10190000000000002	3.546864373728455	0.9183333333333333	54	scReadSim-cna_N	6:32659544	54	0	0.0
0.07166666666666667	0.0798638888888889	3.943283678023632	0.935	43	scReadSim-cna_N	6:32659575	43	0	0.0
0.05333333333333334	0.057155555555555564	4.482605260855392	0.95	32	scReadSim-cna_N	6:32659585	32	0	0.0
0.051666666666666666	0.05233055555555554	4.427588271890786	0.95	31	scReadSim-cna_N	6:32659588	31	0	0.0
0.035	0.03710833333333333	5.50386380951624	0.9666666666666667	21	scReadSim-cna_N	6:32659617	21	0	0.0
0.03333333333333333	0.03555555555555555	5.656854232521816	0.9683333333333334	20	scReadSim-cna_N	6:32659619	20	1	0.05
0.05333333333333334	0.05715555555555555	4.482605260855391	0.95	32	scReadSim-cna_N	6:32659628	32	0	0.0
0.15333333333333332	0.15982222222222225	2.607245972310918	0.86	92	scReadSim-cna_N	6:32659923	92	0	0.0
0.16	0.1644	2.5341418650053225	0.8533333333333334	96	scReadSim-cna_N	6:32659937	96	0	0.0
0.22	0.22826666666666665	2.171693679881826	0.8033333333333333	132	scReadSim-cna_N	6:32659975	132	0	0.0
0.165	0.167775	2.4824452517209656	0.8483333333333334	99	scReadSim-cna_N	6:32659986	99	1	0.010101010101010102
0.13833333333333334	0.1291972222222222	2.5983625361882368	0.8666666666666667	83	scReadSim-cna_N	6:32660000	83	0	0.0
0.15666666666666668	0.16545555555555558	2.596355001583251	0.86	94	scReadSim-cna_N	6:32660018	94	0	0.0
0.15333333333333332	0.1564888888888889	2.5799136851255864	0.86	92	scReadSim-cna_N	6:32660021	92	0	0.0
0.15166666666666667	0.15533055555555556	2.598593247251549	0.8616666666666667	91	scReadSim-cna_N	6:32660041	91	0	0.0
0.14	0.1537333333333333	2.80063160800576	0.8766666666666667	84	scReadSim-cna_N	6:32660056	84	0	0.0
0.13666666666666666	0.14798888888888886	2.8148285831844087	0.8766666666666667	82	scReadSim-cna_N	6:32660073	82	0	0.0
0.135	0.14344166666666666	2.805458782872355	0.8766666666666667	81	scReadSim-cna_N	6:32660075	81	0	0.0
0.11	0.11123333333333335	3.031969236131938	0.8966666666666666	66	scReadSim-cna_N	6:32660105	66	0	0.0
0.09333333333333334	0.09128888888888888	3.2372197661385957	0.91	56	scReadSim-cna_N	6:32660129	56	0	0.0
0.08333333333333333	0.07972222222222221	3.3882148651536257	0.9183333333333333	50	scReadSim-cna_N	6:32660146	50	0	0.0
0.05333333333333334	0.05048888888888889	4.213074878688664	0.9466666666666667	32	scReadSim-cna_N	6:32660190	32	0	0.0
0.043333333333333335	0.04145555555555555	4.698608621180273	0.9566666666666667	26	scReadSim-cna_N	6:32660199	26	0	0.0
0.035	0.033775	5.250850256280172	0.965	21	scReadSim-cna_N	6:32660211	21	0	0.0
0.03166666666666667	0.03066388888888889	5.5298234307517316	0.9683333333333334	19	scReadSim-cna_N	6:32660214	19	0	0.0
0.03166666666666667	0.03066388888888889	5.5298234307517316	0.9683333333333334	19	scReadSim-cna_N	6:32660215	19	0	0.0
0.08666666666666667	0.08915555555555557	3.4452608693414213	0.9183333333333333	52	scReadSim-cna_N	6:32828678	52	2	0.038461538461538464
0.065	0.06410833333333334	3.8953266837373164	0.9366666666666666	39	scReadSim-cna_N	6:32858456	39	0	0.0
0.018333333333333333	0.01799722222222222	7.317475928304944	0.9816666666666667	11	scReadSim-cna_N	6:32980944	11	0	0.0
0.22666666666666666	0.2419555555555556	2.170101969124569	0.805	136	scReadSim-cna_N	6:33065076	136	0	0.0
0.056666666666666664	0.05345555555555556	4.080080730178643	0.9433333333333334	34	scReadSim-cna_N	6:33085832	34	1	0.029411764705882353
0.7766666666666666	0.9667888888888891	1.265992575940133	0.49833333333333335	466	scReadSim-cna_N	6:33299895	466	0	0.0
0.17666666666666667	0.1787888888888889	2.393401988806457	0.8383333333333334	106	scReadSim-cna_N	6:34877871	106	0	0.0
0.22333333333333333	0.2401222222222222	2.1941313805651785	0.805	134	scReadSim-cna_N	6:35573655	134	0	0.0
0.27666666666666667	0.3067888888888889	2.001994939878812	0.7616666666666667	166	scReadSim-cna_N	6:36602589	166	0	0.0
0.02	0.019599999999999996	6.999999964999999	0.98	12	scReadSim-cna_N	6:37028997	12	0	0.0
0.175	0.19104166666666667	2.497617911323905	0.8466666666666667	105	scReadSim-cna_N	6:37483138	105	1	0.009523809523809525
0.10166666666666667	0.09466388888888888	3.0263112049146614	0.9	61	scReadSim-cna_N	6:42206873	61	0	0.0
0.021666666666666667	0.021197222222222218	6.719661132604933	0.9783333333333334	13	scReadSim-cna_N	6:42208189	13	0	0.0
0.07166666666666667	0.07319722222222222	3.775114203657376	0.9316666666666666	43	scReadSim-cna_N	6:42691211	43	0	0.0
0.095	0.09930833333333332	3.317181547785859	0.9116666666666666	57	scReadSim-cna_N	6:43181249	57	0	0.0
0.395	0.39564166666666667	1.5924064045120063	0.675	237	scReadSim-cna_N	6:44233997	237	0	0.0
0.08666666666666667	0.08582222222222222	3.380241925748926	0.9166666666666666	52	scReadSim-cna_N	6:44254310	52	0	0.0
0.11833333333333333	0.1343305555555556	3.097278848645999	0.895	71	scReadSim-cna_N	6:49430402	71	0	0.0
0.041666666666666664	0.03993055555555557	4.795831511802725	0.9583333333333334	25	scReadSim-cna_N	6:53631204	25	0	0.0
0.03	0.0291	5.686240684123191	0.97	18	scReadSim-cna_N	6:69675817	18	0	0.0
0.195	0.19697499999999998	2.2759931099127106	0.8233333333333334	117	scReadSim-cna_N	6:85495605	117	0	0.0
0.03666666666666667	0.03865555555555556	5.362095295579241	0.965	22	scReadSim-cna_N	6:87514446	22	0	0.0
0.06666666666666667	0.06222222222222223	3.7416573811614557	0.9333333333333333	40	scReadSim-cna_N	6:87675301	40	0	0.0
0.05	0.0575	4.7958315137210565	0.955	30	scReadSim-cna_N	6:96891202	30	1	0.03333333333333333
0.03333333333333333	0.03555555555555555	5.656854232521816	0.9683333333333334	20	scReadSim-cna_N	6:109366911	20	0	0.0
0.11666666666666667	0.11305555555555555	2.88203442636283	0.8883333333333333	70	scReadSim-cna_N	6:109367335	70	0	0.0
0.018333333333333333	0.01799722222222222	7.317475928304944	0.9816666666666667	11	scReadSim-cna_N	6:109368704	11	0	0.0
0.05333333333333334	0.05715555555555555	4.482605260855391	0.95	32	scReadSim-cna_N	6:110391839	32	0	0.0
0.028333333333333332	0.03419722222222223	6.52676149527918	0.975	17	scReadSim-cna_N	6:117549729	17	0	0.0
0.03833333333333333	0.03686388888888889	5.008688090792904	0.9616666666666667	23	scReadSim-cna_N	6:119179074	23	0	0.0
0.07166666666666667	0.08653055555555556	4.104568805621303	0.935	43	scReadSim-cna_N	6:130834962	43	0	0.0
0.07333333333333333	0.0812888888888889	3.8878917729425293	0.9333333333333333	44	scReadSim-cna_N	6:130835086	44	0	0.0
0.028333333333333332	0.02753055555555556	5.856117946642017	0.9716666666666667	17	scReadSim-cna_N	6:144852962	17	0	0.0
0.03333333333333333	0.032222222222222215	5.385164790979009	0.9666666666666667	20	scReadSim-cna_N	6:156936239	20	0	0.0
0.37333333333333335	0.44395555555555555	1.7847318721411525	0.71	224	scReadSim-cna_N	6:159778994	224	1	0.004464285714285714
0.14166666666666666	0.14826388888888892	2.7180035397632736	0.87	85	scReadSim-cna_N	6:160752914	85	0	0.0
0.035	0.04044166666666667	5.745746709830471	0.9683333333333334	21	scReadSim-cna_N	6:167042141	21	0	0.0
0.03666666666666667	0.035322222222222234	5.12569284384282	0.9633333333333334	22	scReadSim-cna_N	6:170404863	22	0	0.0
0.06666666666666667	0.06222222222222223	3.7416573811614557	0.9333333333333333	40	scReadSim-cna_N	6:170577443	40	0	0.0
0.36833333333333335	0.3893305555555555	1.6940187826707676	0.6983333333333334	221	scReadSim-cna_N	7:260547	221	0	0.0
0.10166666666666667	0.10466388888888889	3.1821441461385622	0.905	61	scReadSim-cna_N	7:997163	61	0	0.0
0.056666666666666664	0.056788888888888896	4.205368122394087	0.945	34	scReadSim-cna_N	7:2538147	34	0	0.0
0.07666666666666666	0.08078888888888888	3.7073982085057082	0.9283333333333333	46	scReadSim-cna_N	7:6023652	46	0	0.0
0.07	0.06843333333333333	3.737109358134306	0.9316666666666666	42	scReadSim-cna_N	7:6656367	42	0	0.0
0.08	0.07693333333333333	3.4671073394519025	0.9216666666666666	48	scReadSim-cna_N	7:12237259	48	0	0.0
0.165	0.19444166666666665	2.6724569809797694	0.86	99	scReadSim-cna_N	7:30757354	99	0	0.0
0.03666666666666667	0.03865555555555556	5.362095295579241	0.965	22	scReadSim-cna_N	7:36299517	22	0	0.0
0.04833333333333333	0.04933055555555556	4.595272337473194	0.9533333333333334	29	scReadSim-cna_N	7:38230514	29	0	0.0
0.03333333333333333	0.032222222222222215	5.385164790979009	0.9666666666666667	20	scReadSim-cna_N	7:44220107	20	0	0.0
0.125	0.129375	2.877498911685632	0.885	75	scReadSim-cna_N	7:45076174	75	0	0.0
0.16833333333333333	0.17333055555555557	2.4732467146296955	0.8466666666666667	101	scReadSim-cna_N	7:45100293	101	0	0.0
0.14333333333333334	0.14612222222222224	2.66692580130467	0.8683333333333333	86	scReadSim-cna_N	7:45100320	86	1	0.011627906976744186
0.27166666666666667	0.30119722222222217	2.020175626219868	0.77	163	scReadSim-cna_N	7:50458521	163	0	0.0
0.1	0.1	3.162277657006102	0.905	60	scReadSim-cna_N	7:50592707	60	0	0.0
0.045	0.042975000000000006	4.606758310124511	0.955	27	scReadSim-cna_N	7:55433555	27	0	0.0
0.056666666666666664	0.056788888888888896	4.205368122394087	0.945	34	scReadSim-cna_N	7:55433582	34	0	0.0
0.016666666666666666	0.01638888888888889	7.681145701781734	0.9833333333333333	10	scReadSim-cna_N	7:55956365	10	0	0.0
0.38166666666666665	0.3926638888888889	1.6418226761523371	0.685	229	scReadSim-cna_N	7:65960907	229	1	0.004366812227074236
0.03166666666666667	0.030663888888888893	5.5298234307517316	0.9683333333333334	19	scReadSim-cna_N	7:66093491	19	0	0.0
0.32666666666666666	0.3232888888888889	1.74056629009741	0.72	196	scReadSim-cna_N	7:76066590	196	0	0.0
0.04666666666666667	0.04448888888888888	4.5197977101879685	0.9533333333333334	28	scReadSim-cna_N	7:76505817	28	0	0.0
0.11833333333333333	0.12433055555555557	2.9797637907111105	0.8916666666666667	71	scReadSim-cna_N	7:80676955	71	0	0.0
0.035	0.033775	5.250850256280172	0.965	21	scReadSim-cna_N	7:90415631	21	1	0.047619047619047616
0.02	0.019599999999999996	6.999999964999999	0.98	12	scReadSim-cna_N	7:92458002	12	0	0.0
0.5766666666666667	0.6141222222222221	1.3589471209670543	0.5766666666666667	346	scReadSim-cna_N	7:95298396	346	2	0.005780346820809248
1.0383333333333333	1.2501972222222224	1.0768431964262402	0.37833333333333335	623	scReadSim-cna_N	7:98291311	623	1	0.0016051364365971107
0.4083333333333333	0.4949305555555556	1.7228890042102243	0.6933333333333334	245	scReadSim-cna_N	7:101138164	245	0	0.0
2.39	3.5645666666666664	0.7899606706009705	0.14	1434	scReadSim-cna_N	7:101139179	1434	9	0.006276150627615063
0.235	0.2531083333333333	2.140845663762594	0.7966666666666666	141	scReadSim-cna_N	7:101161149	141	0	0.0
0.02666666666666667	0.02928888888888889	6.417748802430158	0.975	16	scReadSim-cna_N	7:101161261	16	0	0.0
0.021666666666666667	0.021197222222222218	6.719661132604933	0.9783333333333334	13	scReadSim-cna_N	7:102426426	13	0	0.0
0.018333333333333333	0.017997222222222223	7.317475928304944	0.9816666666666667	11	scReadSim-cna_N	7:110663471	11	0	0.0
0.03	0.0291	5.686240684123191	0.97	18	scReadSim-cna_N	7:116258656	18	0	0.0
0.051666666666666666	0.05233055555555555	4.427588271890786	0.95	31	scReadSim-cna_N	7:116506657	31	0	0.0
0.15666666666666668	0.16212222222222222	2.5700683330361005	0.8583333333333333	94	scReadSim-cna_N	7:118192084	94	0	0.0
0.04666666666666667	0.04782222222222221	4.686062694774643	0.955	28	scReadSim-cna_N	7:127580773	28	0	0.0
0.041666666666666664	0.03993055555555557	4.795831511802725	0.9583333333333334	25	scReadSim-cna_N	7:128092216	25	0	0.0
0.05333333333333334	0.05048888888888888	4.213074878688663	0.9466666666666667	32	scReadSim-cna_N	7:134290431	32	0	0.0
0.24333333333333335	0.27745555555555557	2.164686990152633	0.795	146	scReadSim-cna_N	7:143390992	146	0	0.0
0.043333333333333335	0.044788888888888885	4.883858197760319	0.9583333333333334	26	scReadSim-cna_N	7:149880331	26	0	0.0
0.13666666666666666	0.1313222222222222	2.651590835250999	0.87	82	scReadSim-cna_N	7:149880502	82	0	0.0
0.035	0.03710833333333333	5.50386380951624	0.9666666666666667	21	scReadSim-cna_N	7:150410870	21	0	0.0
0.03666666666666667	0.03865555555555557	5.362095295579242	0.965	22	scReadSim-cna_N	7:150410871	22	0	0.0
2.29	3.1625666666666667	0.7765767110276587	0.125	1374	scReadSim-cna_N	7:150791528	1374	1	0.000727802037845706
0.07666666666666666	0.07745555555555556	3.63010932720189	0.9266666666666666	46	scReadSim-cna_N	7:151378237	46	0	0.0
0.02	0.019599999999999996	6.999999964999999	0.98	12	scReadSim-cna_N	7:151556140	12	0	0.0
0.03333333333333333	0.035555555555555556	5.656854232521817	0.9683333333333334	20	scReadSim-cna_N	9:4707519	20	0	0.0
0.33	0.3411	1.7698111207302194	0.725	198	scReadSim-cna_N	9:4711440	198	2	0.010101010101010102
0.105	0.10064166666666666	3.0213400711263776	0.8983333333333333	63	scReadSim-cna_N	9:4860300	63	0	0.0
0.03	0.032433333333333335	6.003085606318647	0.9716666666666667	18	scReadSim-cna_N	9:4860643	18	0	0.0
0.023333333333333334	0.022788888888888893	6.469709614686531	0.9766666666666667	14	scReadSim-cna_N	9:6723861	14	0	0.0
0.4583333333333333	0.518263888888889	1.5707028480715166	0.6483333333333333	275	scReadSim-cna_N	9:7798435	275	0	0.0
0.11666666666666667	0.11638888888888888	2.9242127818447776	0.89	70	scReadSim-cna_N	9:7798518	70	0	0.0
0.075	0.07270833333333333	3.595264370175967	0.9266666666666666	45	scReadSim-cna_N	9:14087770	45	0	0.0
0.35833333333333334	0.36659722222222213	1.689691328574292	0.7033333333333334	215	scReadSim-cna_N	9:33110841	215	1	0.004651162790697674
0.06166666666666667	0.061197222222222236	4.0115792889991635	0.94	37	scReadSim-cna_N	9:34368986	37	0	0.0
0.05333333333333334	0.05382222222222223	4.349928152170214	0.9483333333333334	32	scReadSim-cna_N	9:34369064	32	0	0.0
0.14	0.14706666666666662	2.739233715809052	0.8733333333333333	84	scReadSim-cna_N	9:36211830	84	0	0.0
0.016666666666666666	0.01638888888888889	7.681145701781734	0.9833333333333333	10	scReadSim-cna_N	9:37358089	10	0	0.0
0.07333333333333333	0.07795555555555557	3.807343920512154	0.9316666666666666	44	scReadSim-cna_N	9:37780561	44	0	0.0
0.02	0.02293333333333333	7.5718777565409745	0.9816666666666667	12	scReadSim-cna_N	9:37861797	12	0	0.0
0.04	0.03840000000000001	4.898979473318908	0.96	24	scReadSim-cna_N	9:37863199	24	0	0.0
0.04666666666666667	0.04782222222222221	4.686062694774643	0.955	28	scReadSim-cna_N	9:37919746	28	0	0.0
0.028333333333333332	0.02753055555555556	5.856117946642017	0.9716666666666667	17	scReadSim-cna_N	9:71973409	17	0	0.0
0.025	0.024374999999999997	6.244997973418406	0.975	15	scReadSim-cna_N	9:75146726	15	0	0.0
0.04666666666666667	0.04448888888888888	4.5197977101879685	0.9533333333333334	28	scReadSim-cna_N	9:89316518	28	0	0.0
0.07833333333333334	0.07219722222222222	3.4301541389225894	0.9216666666666666	47	scReadSim-cna_N	9:92711437	47	0	0.0
1.0033333333333334	1.2299888888888888	1.1053640942624694	0.4	602	scReadSim-cna_N	9:94603360	602	1	0.0016611295681063123
0.085	0.09110833333333335	3.5510772890291946	0.9216666666666666	51	scReadSim-cna_N	9:95086808	51	0	0.0
0.6866666666666666	0.748488888888889	1.2599308592576812	0.5216666666666666	412	scReadSim-cna_N	9:101420658	412	0	0.0
6.906666666666666	17.067955555555553	0.598166731869528	0.006666666666666667	4144	scReadSim-cna_N	9:101421740	4144	9	0.002171814671814672
0.028333333333333332	0.030863888888888892	6.200513407018874	0.9733333333333334	17	scReadSim-cna_N	9:109946491	17	0	0.0
0.31666666666666665	0.31638888888888883	1.7762670553007793	0.73	190	scReadSim-cna_N	9:111562668	190	0	0.0
0.10166666666666667	0.10799722222222222	3.2324194219512847	0.905	61	scReadSim-cna_N	9:112218687	61	0	0.0
0.045	0.042975000000000006	4.606758310124511	0.955	27	scReadSim-cna_N	9:113264080	27	0	0.0
0.41	0.47856666666666664	1.6872808054846495	0.6833333333333333	246	scReadSim-cna_N	9:113386350	246	0	0.0
0.1	0.09	2.9999999969999998	0.9	60	scReadSim-cna_N	9:114311308	60	0	0.0
0.24666666666666667	0.2624888888888889	2.0770406539515616	0.7866666666666666	148	scReadSim-cna_N	9:122144177	148	0	0.0
0.06666666666666667	0.0688888888888889	3.9370039311004	0.9366666666666666	40	scReadSim-cna_N	9:124352210	40	0	0.0
0.043333333333333335	0.04145555555555555	4.698608621180273	0.9566666666666667	26	scReadSim-cna_N	9:125146790	26	0	0.0
0.041666666666666664	0.03993055555555557	4.795831511802725	0.9583333333333334	25	scReadSim-cna_N	9:125146810	25	0	0.0
0.065	0.06410833333333334	3.8953266837373164	0.9366666666666666	39	scReadSim-cna_N	9:125233767	39	0	0.0
0.043333333333333335	0.04145555555555555	4.698608621180273	0.9566666666666667	26	scReadSim-cna_N	9:125235024	26	0	0.0
0.2	0.2	2.2360679763817553	0.8183333333333334	120	scReadSim-cna_N	9:127407595	120	1	0.008333333333333333
0.03666666666666667	0.03865555555555556	5.362095295579241	0.965	22	scReadSim-cna_N	9:127407721	22	0	0.0
0.06	0.06306666666666667	4.185512926765782	0.9433333333333334	36	scReadSim-cna_N	9:127505577	36	0	0.0
0.06	0.06306666666666667	4.185512926765782	0.9433333333333334	36	scReadSim-cna_N	9:127790085	36	0	0.0
0.09	0.09190000000000001	3.3683347498627656	0.915	54	scReadSim-cna_N	9:127813796	54	0	0.0
0.03	0.03576666666666667	6.304025735655151	0.9733333333333334	18	scReadSim-cna_N	9:130139940	18	0	0.0
0.055	0.05197500000000001	4.145095670710007	0.945	33	scReadSim-cna_N	9:131576983	33	0	0.0
0.07166666666666667	0.07319722222222223	3.7751142036573766	0.9316666666666666	43	scReadSim-cna_N	9:133058374	43	0	0.0
0.36833333333333335	0.39266388888888887	1.7012551712005395	0.7033333333333334	221	scReadSim-cna_N	9:133663599	221	0	0.0
0.17333333333333334	0.15995555555555555	2.307371771279692	0.835	104	scReadSim-cna_N	9:135504405	104	1	0.009615384615384616
0.03833333333333333	0.03686388888888889	5.008688090792904	0.9616666666666667	23	scReadSim-cna_N	9:135933271	23	0	0.0
0.115	0.14844166666666667	3.350272019072106	0.9033333333333333	69	scReadSim-cna_N	9:136375697	69	0	0.0
0.09166666666666666	0.09326388888888888	3.3315422148762623	0.9133333333333333	55	scReadSim-cna_N	9:136402033	55	0	0.0
0.06333333333333334	0.06265555555555556	3.9522776427815085	0.9383333333333334	38	scReadSim-cna_N	9:136423417	38	0	0.0
0.25833333333333336	0.278263888888889	2.041963511222267	0.7816666666666666	155	scReadSim-cna_N	9:136423527	155	0	0.0
0.5966666666666667	0.6739888888888889	1.3759244629342806	0.5666666666666667	358	scReadSim-cna_N	9:136423619	358	0	0.0
0.10333333333333333	0.10265555555555556	3.100636029901792	0.9016666666666666	62	scReadSim-cna_N	9:136672371	62	0	0.0
0.31166666666666665	0.30786388888888894	1.7802828952699903	0.7283333333333334	187	scReadSim-cna_N	9:136672544	187	0	0.0
0.715	0.793775	1.2460706491797544	0.505	429	scReadSim-cna_N	9:136673235	429	2	0.004662004662004662
0.025	0.024374999999999997	6.244997973418406	0.975	15	scReadSim-cna_N	9:136723831	15	0	0.0
0.06333333333333334	0.06598888888888887	4.056047767686444	0.94	38	scReadSim-cna_N	9:136724914	38	0	0.0
0.17166666666666666	0.18886388888888891	2.5315615414847694	0.8483333333333334	103	scReadSim-cna_N	9:137273425	103	0	0.0
0.16	0.1644	2.5341418650053225	0.8533333333333334	96	stCNASim-rs_T	1:1217251	96	40	0.4166666666666667
0.19	0.19056666666666666	2.2975759022850464	0.8283333333333334	114	stCNASim-rs_T	1:2189679	114	46	0.40350877192982454
0.028333333333333332	0.02753055555555556	5.856117946642017	0.9716666666666667	17	stCNASim-rs_T	1:9268027	17	1	0.058823529411764705
0.02666666666666667	0.025955555555555558	6.041522964141575	0.9733333333333334	16	stCNASim-rs_T	1:9848424	16	5	0.3125
0.03666666666666667	0.03865555555555556	5.362095295579241	0.965	22	stCNASim-rs_T	1:11054883	22	16	0.7272727272727273
0.09	0.08523333333333333	3.2438609281953408	0.9116666666666666	54	stCNASim-rs_T	1:11106656	54	30	0.5555555555555556
0.018333333333333333	0.017997222222222223	7.317475928304944	0.9816666666666667	11	stCNASim-rs_T	1:17407068	11	7	0.6363636363636364
0.36666666666666664	0.39555555555555555	1.7152692962697638	0.7016666666666667	220	stCNASim-rs_T	1:19282760	220	119	0.5409090909090909
0.11833333333333333	0.11766388888888893	2.8987749544491765	0.8883333333333333	71	stCNASim-rs_T	1:19338963	71	13	0.18309859154929578
0.16166666666666665	0.17553055555555558	2.591527845029234	0.8566666666666667	97	stCNASim-rs_T	1:19339003	97	40	0.41237113402061853
0.02	0.019599999999999992	6.999999964999999	0.98	12	stCNASim-rs_T	1:19682387	12	5	0.4166666666666667
0.03166666666666667	0.03066388888888889	5.5298234307517316	0.9683333333333334	19	stCNASim-rs_T	1:20191733	19	4	0.21052631578947367
0.03333333333333333	0.032222222222222215	5.385164790979009	0.9666666666666667	20	stCNASim-rs_T	1:20618562	20	13	0.65
0.025	0.024375	6.244997973418406	0.975	15	stCNASim-rs_T	1:20650507	15	10	0.6666666666666666
0.056666666666666664	0.05345555555555556	4.080080730178643	0.9433333333333334	34	stCNASim-rs_T	1:20650728	34	18	0.5294117647058824
0.29833333333333334	0.31599722222222226	1.8842557608465849	0.75	179	stCNASim-rs_T	1:20651255	179	72	0.4022346368715084
0.03333333333333333	0.035555555555555556	5.656854232521817	0.9683333333333334	20	stCNASim-rs_T	1:20651363	20	8	0.4
0.045	0.05297500000000001	5.114733004848996	0.9583333333333334	27	stCNASim-rs_T	1:23083647	27	7	0.25925925925925924
0.025	0.024374999999999997	6.244997973418406	0.975	15	stCNASim-rs_T	1:25818183	15	7	0.4666666666666667
0.018333333333333333	0.01799722222222222	7.317475928304944	0.9816666666666667	11	stCNASim-rs_T	1:25861747	11	3	0.2727272727272727
0.035	0.03710833333333333	5.50386380951624	0.9666666666666667	21	stCNASim-rs_T	1:26282323	21	2	0.09523809523809523
0.041666666666666664	0.04326388888888891	4.991993577758691	0.96	25	stCNASim-rs_T	1:26282337	25	2	0.08
0.07666666666666666	0.08412222222222221	3.7831084078340274	0.93	46	stCNASim-rs_T	1:27336175	46	22	0.4782608695652174
0.02666666666666667	0.025955555555555558	6.041522964141575	0.9733333333333334	16	stCNASim-rs_T	1:27353801	16	9	0.5625
0.018333333333333333	0.01799722222222222	7.317475928304944	0.9816666666666667	11	stCNASim-rs_T	1:31434255	11	5	0.45454545454545453
0.30333333333333334	0.3246555555555556	1.8784138500464207	0.7483333333333333	182	stCNASim-rs_T	1:32231462	182	53	0.29120879120879123
0.305	0.3253083333333333	1.8700264736919356	0.7466666666666667	183	stCNASim-rs_T	1:32231470	183	55	0.3005464480874317
0.24166666666666667	0.23993055555555554	2.026870621186894	0.7833333333333333	145	stCNASim-rs_T	1:33323781	145	88	0.6068965517241379
0.12	0.1156	2.833333330972222	0.885	72	stCNASim-rs_T	1:33323919	72	40	0.5555555555555556
0.06166666666666667	0.06453055555555556	4.119383523901088	0.9416666666666667	37	stCNASim-rs_T	1:33323987	37	23	0.6216216216216216
0.09	0.10856666666666667	3.661050689526829	0.9216666666666666	54	stCNASim-rs_T	1:34795631	54	25	0.46296296296296297
0.016666666666666666	0.01638888888888889	7.681145701781734	0.9833333333333333	10	stCNASim-rs_T	1:37455082	10	5	0.5
0.07833333333333334	0.09219722222222222	3.8762547386775843	0.93	47	stCNASim-rs_T	1:37493212	47	20	0.425531914893617
0.04	0.041733333333333344	5.107184469246893	0.9616666666666667	24	stCNASim-rs_T	1:38838323	24	20	0.8333333333333334
0.018333333333333333	0.017997222222222223	7.317475928304944	0.9816666666666667	11	stCNASim-rs_T	1:39006034	11	4	0.36363636363636365
0.075	0.08270833333333334	3.8345408674955896	0.9316666666666666	45	stCNASim-rs_T	1:39753608	45	25	0.5555555555555556
0.13833333333333334	0.13919722222222225	2.697046548594998	0.8716666666666667	83	stCNASim-rs_T	1:42746440	83	32	0.3855421686746988
0.021666666666666667	0.024530555555555552	7.228723081393685	0.98	13	stCNASim-rs_T	1:42807170	13	3	0.23076923076923078
0.021666666666666667	0.054530555555555554	10.777743838177148	0.985	13	stCNASim-rs_T	1:45513003	13	5	0.38461538461538464
0.03333333333333333	0.032222222222222215	5.385164790979009	0.9666666666666667	20	stCNASim-rs_T	1:46635343	20	13	0.65
0.18333333333333332	0.17638888888888887	2.2908369384512075	0.8283333333333334	110	stCNASim-rs_T	1:47149558	110	54	0.4909090909090909
0.32666666666666666	0.33328888888888886	1.7672809521791804	0.7216666666666667	196	stCNASim-rs_T	1:47378792	196	102	0.5204081632653061
0.02	0.019599999999999996	6.999999964999999	0.98	12	stCNASim-rs_T	1:51788121	12	6	0.5
0.058333333333333334	0.06493055555555555	4.368252807203182	0.9466666666666667	35	stCNASim-rs_T	1:51788192	35	18	0.5142857142857142
0.05333333333333334	0.06715555555555555	4.858947922283675	0.955	32	stCNASim-rs_T	1:52087086	32	6	0.1875
0.041666666666666664	0.04326388888888891	4.991993577758691	0.96	25	stCNASim-rs_T	1:53085393	25	14	0.56
0.028333333333333332	0.02753055555555556	5.856117946642017	0.9716666666666667	17	stCNASim-rs_T	1:53214418	17	8	0.47058823529411764
1.55	1.9708333333333334	0.9057185264464896	0.25833333333333336	930	stCNASim-rs_T	1:54849938	930	410	0.44086021505376344
0.41333333333333333	0.44582222222222223	1.6154012909129478	0.665	248	stCNASim-rs_T	1:59893405	248	132	0.532258064516129
0.155	0.1843083333333333	2.769751380447491	0.8616666666666667	93	stCNASim-rs_T	1:65635232	93	39	0.41935483870967744
0.05	0.04749999999999999	4.358898934822874	0.95	30	stCNASim-rs_T	1:67701808	30	12	0.4
0.018333333333333333	0.017997222222222223	7.317475928304944	0.9816666666666667	11	stCNASim-rs_T	1:68125570	11	4	0.36363636363636365
0.02	0.019599999999999996	6.999999964999999	0.98	12	stCNASim-rs_T	1:74766547	12	3	0.25
0.07333333333333333	0.06795555555555556	3.554766321701165	0.9266666666666666	44	stCNASim-rs_T	1:78664009	44	21	0.4772727272727273
0.32166666666666666	0.39153055555555555	1.9452560358965967	0.7366666666666667	193	stCNASim-rs_T	1:86862842	193	89	0.46113989637305697
0.30833333333333335	0.31993055555555555	1.8344563480162106	0.735	185	stCNASim-rs_T	1:100738939	185	109	0.5891891891891892
0.07	0.07843333333333333	4.00085024405497	0.9366666666666666	42	stCNASim-rs_T	1:109062683	42	25	0.5952380952380952
0.043333333333333335	0.044788888888888885	4.883858197760319	0.9583333333333334	26	stCNASim-rs_T	1:109062756	26	15	0.5769230769230769
0.06666666666666667	0.07222222222222224	4.0311288681025825	0.9383333333333334	40	stCNASim-rs_T	1:109737079	40	6	0.15
0.07	0.07176666666666666	3.8270430441209964	0.9333333333333333	42	stCNASim-rs_T	1:112700426	42	26	0.6190476190476191
0.09833333333333333	0.09533055555555556	3.1398962654748215	0.905	59	stCNASim-rs_T	1:113982039	59	33	0.559322033898305
0.03666666666666667	0.03865555555555556	5.362095295579241	0.965	22	stCNASim-rs_T	1:117528667	22	11	0.5
0.7916666666666666	1.0082638888888888	1.268366454222697	0.5116666666666667	475	stCNASim-rs_T	10:3779135	475	243	0.511578947368421
0.245	0.24497500000000003	2.0202020088599446	0.7833333333333333	147	stCNASim-rs_T	10:3779369	147	71	0.48299319727891155
0.021666666666666667	0.021197222222222218	6.719661132604933	0.9783333333333334	13	stCNASim-rs_T	10:4979696	13	6	0.46153846153846156
0.21	0.22923333333333337	2.279919903091517	0.82	126	stCNASim-rs_T	10:5638921	126	49	0.3888888888888889
0.1	0.12	3.464101611673653	0.9133333333333333	60	stCNASim-rs_T	10:5639069	60	16	0.26666666666666666
0.025	0.024374999999999997	6.244997973418406	0.975	15	stCNASim-rs_T	10:5765645	15	3	0.2
0.02666666666666667	0.025955555555555558	6.041522964141575	0.9733333333333334	16	stCNASim-rs_T	10:5937534	16	13	0.8125
0.055	0.055308333333333334	4.2759497763640155	0.9466666666666667	33	stCNASim-rs_T	10:12835510	33	12	0.36363636363636365
0.9866666666666667	1.3498222222222225	1.1775187478218965	0.445	592	stCNASim-rs_T	10:17237518	592	259	0.4375
0.03833333333333333	0.04019722222222222	5.230237793915849	0.9633333333333334	23	stCNASim-rs_T	10:18513378	23	2	0.08695652173913043
0.10833333333333334	0.1065972222222222	3.0137750778580124	0.8966666666666666	65	stCNASim-rs_T	10:23119349	65	30	0.46153846153846156
0.03333333333333333	0.032222222222222215	5.385164790979009	0.9666666666666667	20	stCNASim-rs_T	10:27110930	20	6	0.3
0.07	0.06843333333333333	3.737109358134306	0.9316666666666666	42	stCNASim-rs_T	10:27539593	42	14	0.3333333333333333
0.04833333333333333	0.05599722222222221	4.895944585548364	0.9566666666666667	29	stCNASim-rs_T	10:42831179	29	14	0.4827586206896552
0.018333333333333333	0.01799722222222222	7.317475928304944	0.9816666666666667	11	stCNASim-rs_T	10:58288034	11	5	0.45454545454545453
0.02	0.019599999999999996	6.999999964999999	0.98	12	stCNASim-rs_T	10:69016838	12	4	0.3333333333333333
0.04833333333333333	0.04933055555555555	4.595272337473194	0.9533333333333334	29	stCNASim-rs_T	10:69104309	29	7	0.2413793103448276
0.016666666666666666	0.01638888888888889	7.681145701781734	0.9833333333333333	10	stCNASim-rs_T	10:70299248	10	4	0.4
0.05333333333333334	0.05715555555555555	4.482605260855391	0.95	32	stCNASim-rs_T	10:79382609	32	21	0.65625
0.08666666666666667	0.09248888888888888	3.5090752968609267	0.92	52	stCNASim-rs_T	10:80092303	52	49	0.9423076923076923
0.02666666666666667	0.025955555555555558	6.041522964141575	0.9733333333333334	16	stCNASim-rs_T	10:80522502	16	7	0.4375
0.39666666666666667	0.4326555555555556	1.6582325490734113	0.6816666666666666	238	stCNASim-rs_T	10:86970617	238	88	0.3697478991596639
0.03666666666666667	0.03865555555555556	5.362095295579241	0.965	22	stCNASim-rs_T	10:89015534	22	11	0.5
0.045	0.04630833333333335	4.782082460138544	0.9566666666666667	27	stCNASim-rs_T	10:94735475	27	21	0.7777777777777778
0.23	0.2404333333333333	2.1319131211717357	0.8016666666666666	138	stCNASim-rs_T	10:94735727	138	71	0.5144927536231884
0.30833333333333335	0.34659722222222217	1.9093786438326406	0.74	185	stCNASim-rs_T	10:94736036	185	82	0.44324324324324327
0.05	0.05083333333333333	4.509249743804395	0.9516666666666667	30	stCNASim-rs_T	10:94942580	30	12	0.4
0.02666666666666667	0.02595555555555556	6.041522964141575	0.9733333333333334	16	stCNASim-rs_T	10:95311992	16	2	0.125
0.03333333333333333	0.03555555555555555	5.656854232521816	0.9683333333333334	20	stCNASim-rs_T	10:103088366	20	8	0.4
0.08666666666666667	0.1024888888888889	3.6939099045202486	0.925	52	stCNASim-rs_T	10:110286442	52	16	0.3076923076923077
0.041666666666666664	0.04326388888888889	4.99199357775869	0.96	25	stCNASim-rs_T	10:113589157	25	10	0.4
0.028333333333333332	0.02753055555555556	5.856117946642017	0.9716666666666667	17	stCNASim-rs_T	10:117277498	17	13	0.7647058823529411
0.04666666666666667	0.04448888888888888	4.5197977101879685	0.9533333333333334	28	stCNASim-rs_T	10:117277560	28	18	0.6428571428571429
0.2	0.25333333333333335	2.516611477165277	0.8383333333333334	120	stCNASim-rs_T	10:119168032	120	67	0.5583333333333333
0.075	0.08270833333333336	3.8345408674955905	0.9316666666666666	45	stCNASim-rs_T	10:119941648	45	26	0.5777777777777777
0.295	0.2946416666666667	1.8400306832899678	0.7466666666666667	177	stCNASim-rs_T	10:124614028	177	88	0.4971751412429379
0.07833333333333334	0.08219722222222221	3.6600073917881772	0.9266666666666666	47	stCNASim-rs_T	10:125836503	47	27	0.574468085106383
17.11	93.65456666666668	0.5656066016668584	0.0	10266	stCNASim-rs_T	10:133539005	10266	4795	0.4670757841418274
16.446666666666665	86.40048888888889	0.5651714427749788	0.0	9868	stCNASim-rs_T	10:133539010	9868	4588	0.46493717065261453
0.07833333333333334	0.08219722222222223	3.6600073917881772	0.9266666666666666	47	stCNASim-rs_T	11:252649	47	17	0.3617021276595745
0.18666666666666668	0.18182222222222222	2.2843187691973124	0.8283333333333334	112	stCNASim-rs_T	11:252733	112	57	0.5089285714285714
0.18166666666666667	0.1786638888888889	2.326714753194138	0.8333333333333334	109	stCNASim-rs_T	11:252735	109	57	0.5229357798165137
0.31666666666666665	0.3430555555555555	1.8496087773954477	0.7416666666666667	190	stCNASim-rs_T	11:252941	190	92	0.4842105263157895
0.06333333333333334	0.06598888888888887	4.056047767686444	0.94	38	stCNASim-rs_T	11:295343	38	26	0.6842105263157895
0.31	0.31389999999999996	1.8073154610726645	0.735	186	stCNASim-rs_T	11:295527	186	130	0.6989247311827957
0.035	0.033775	5.250850256280172	0.965	21	stCNASim-rs_T	11:295670	21	18	0.8571428571428571
0.19166666666666668	0.19493055555555552	2.3035273342676557	0.8266666666666667	115	stCNASim-rs_T	11:309127	115	42	0.3652173913043478
0.023333333333333334	0.022788888888888893	6.469709614686531	0.9766666666666667	14	stCNASim-rs_T	11:824789	14	9	0.6428571428571429
0.26	0.2890666666666667	2.067881553425784	0.78	156	stCNASim-rs_T	11:825110	156	86	0.5512820512820513
0.6366666666666667	0.8013222222222222	1.406019943026476	0.5683333333333334	382	stCNASim-rs_T	11:838672	382	162	0.42408376963350786
0.8183333333333334	0.9553305555555558	1.1943911932398448	0.475	491	stCNASim-rs_T	11:840363	491	211	0.42973523421588594
0.043333333333333335	0.04812222222222221	5.06233333717089	0.96	26	stCNASim-rs_T	11:866794	26	15	0.5769230769230769
0.19833333333333333	0.25233055555555556	2.5327318436133277	0.8383333333333334	119	stCNASim-rs_T	11:870446	119	74	0.6218487394957983
0.051666666666666666	0.05233055555555555	4.427588271890786	0.95	31	stCNASim-rs_T	11:3826200	31	16	0.5161290322580645
0.06333333333333334	0.06265555555555555	3.9522776427815085	0.9383333333333334	38	stCNASim-rs_T	11:5663657	38	20	0.5263157894736842
0.025	0.024374999999999994	6.244997973418404	0.975	15	stCNASim-rs_T	11:5710519	15	4	0.26666666666666666
0.06	0.06306666666666667	4.185512926765782	0.9433333333333334	36	stCNASim-rs_T	11:5710797	36	12	0.3333333333333333
0.06	0.06306666666666667	4.185512926765782	0.9433333333333334	36	stCNASim-rs_T	11:5710798	36	12	0.3333333333333333
2.805	4.196975000000001	0.730357217737081	0.1	1683	stCNASim-rs_T	11:8685686	1683	788	0.4682115270350565
0.021666666666666667	0.021197222222222215	6.719661132604933	0.9783333333333334	13	stCNASim-rs_T	11:10558089	13	8	0.6153846153846154
0.10333333333333333	0.10265555555555557	3.100636029901792	0.9016666666666666	62	stCNASim-rs_T	11:10779639	62	37	0.5967741935483871
0.028333333333333332	0.02753055555555556	5.856117946642017	0.9716666666666667	17	stCNASim-rs_T	11:12529850	17	7	0.4117647058823529
0.021666666666666667	0.021197222222222218	6.719661132604933	0.9783333333333334	13	stCNASim-rs_T	11:17788092	13	9	0.6923076923076923
0.03833333333333333	0.03686388888888889	5.008688090792904	0.9616666666666667	23	stCNASim-rs_T	11:17788177	23	14	0.6086956521739131
0.035	0.033775	5.250850256280172	0.965	21	stCNASim-rs_T	11:18366581	21	6	0.2857142857142857
0.13166666666666665	0.1343305555555556	2.7836303578820867	0.8766666666666667	79	stCNASim-rs_T	11:20383589	79	32	0.4050632911392405
0.5383333333333333	0.6318638888888889	1.4765919485781769	0.6083333333333333	323	stCNASim-rs_T	11:32105392	323	133	0.4117647058823529
0.07	0.07176666666666667	3.8270430441209973	0.9333333333333333	42	stCNASim-rs_T	11:33705434	42	29	0.6904761904761905
0.135	0.1434416666666667	2.805458782872355	0.8783333333333333	81	stCNASim-rs_T	11:33708715	81	42	0.5185185185185185
0.17	0.17110000000000003	2.433190337385939	0.845	102	stCNASim-rs_T	11:43856384	102	39	0.38235294117647056
0.12333333333333334	0.1414555555555555	3.049506298204154	0.8883333333333333	74	stCNASim-rs_T	11:49146748	74	31	0.4189189189189189
0.15	0.15416666666666667	2.6176042181193186	0.8616666666666667	90	stCNASim-rs_T	11:57484855	90	41	0.45555555555555555
0.5033333333333333	0.5499888888888889	1.473402034598958	0.6166666666666667	302	stCNASim-rs_T	11:58956265	302	125	0.4139072847682119
0.14166666666666666	0.16493055555555558	2.8667042170379045	0.88	85	stCNASim-rs_T	11:59209161	85	36	0.4235294117647059
0.055	0.05864166666666667	4.402916631124886	0.9483333333333334	33	stCNASim-rs_T	11:59209238	33	25	0.7575757575757576
0.03	0.0291	5.686240684123191	0.97	18	stCNASim-rs_T	11:59636914	18	12	0.6666666666666666
0.041666666666666664	0.03993055555555557	4.795831511802725	0.9583333333333334	25	stCNASim-rs_T	11:60389634	25	6	0.24
0.056666666666666664	0.05678888888888891	4.205368122394087	0.945	34	stCNASim-rs_T	11:60389693	34	10	0.29411764705882354
0.02	0.019599999999999992	6.999999964999999	0.98	12	stCNASim-rs_T	11:60394776	12	10	0.8333333333333334
0.03333333333333333	0.032222222222222215	5.385164790979009	0.9666666666666667	20	stCNASim-rs_T	11:61802358	20	0	0.0
0.02666666666666667	0.029288888888888896	6.41774880243016	0.975	16	stCNASim-rs_T	11:63304838	16	2	0.125
0.03	0.0291	5.686240684123191	0.97	18	stCNASim-rs_T	11:64853046	18	5	0.2777777777777778
0.23333333333333334	0.23888888888888885	2.094696898904441	0.795	140	stCNASim-rs_T	11:65439446	140	65	0.4642857142857143
0.17166666666666666	0.18219722222222226	2.4864796038568673	0.8466666666666667	103	stCNASim-rs_T	11:65439998	103	62	0.6019417475728155
0.8483333333333334	1.1053305555555555	1.2393088637853398	0.49333333333333335	509	stCNASim-rs_T	11:65440647	509	275	0.5402750491159135
0.12333333333333334	0.14478888888888888	3.085227174683793	0.8933333333333333	74	stCNASim-rs_T	11:65592439	74	42	0.5675675675675675
0.25333333333333335	0.27582222222222225	2.0731097245744174	0.7816666666666666	152	stCNASim-rs_T	11:65597847	152	68	0.4473684210526316
0.085	0.08110833333333335	3.3505323265017015	0.9166666666666666	51	stCNASim-rs_T	11:66337522	51	19	0.37254901960784315
0.135	0.14010833333333336	2.7726701993449474	0.8766666666666667	81	stCNASim-rs_T	11:69492939	81	43	0.5308641975308642
0.20666666666666667	0.2772888888888889	2.5479787328919716	0.8283333333333334	124	stCNASim-rs_T	11:70436523	124	72	0.5806451612903226
0.18666666666666668	0.19182222222222223	2.3462953852654618	0.8283333333333334	112	stCNASim-rs_T	11:72003032	112	49	0.4375
0.018333333333333333	0.01799722222222222	7.317475928304944	0.9816666666666667	11	stCNASim-rs_T	11:75205650	11	3	0.2727272727272727
0.08333333333333333	0.07972222222222221	3.3882148651536257	0.9183333333333333	50	stCNASim-rs_T	11:75205802	50	22	0.44
0.12166666666666667	0.12019722222222223	2.8495455626235815	0.885	73	stCNASim-rs_T	11:75800527	73	24	0.3287671232876712
0.04	0.04173333333333334	5.107184469246893	0.9616666666666667	24	stCNASim-rs_T	11:85636371	24	16	0.6666666666666666
0.03833333333333333	0.03686388888888889	5.008688090792904	0.9616666666666667	23	stCNASim-rs_T	11:95832124	23	12	0.5217391304347826
0.11166666666666666	0.1258638888888889	3.1770717318355173	0.9	67	stCNASim-rs_T	11:95832625	67	37	0.5522388059701493
0.028333333333333332	0.02753055555555556	5.856117946642017	0.9716666666666667	17	stCNASim-rs_T	11:102520694	17	2	0.11764705882352941
0.02	0.019599999999999996	6.999999964999999	0.98	12	stCNASim-rs_T	11:104943160	12	7	0.5833333333333334
0.018333333333333333	0.021330555555555557	7.966354826709253	0.9833333333333333	11	stCNASim-rs_T	11:106098374	11	9	0.8181818181818182
0.05333333333333334	0.0604888888888889	4.611466677777679	0.9516666666666667	32	stCNASim-rs_T	11:106098531	32	19	0.59375
0.028333333333333332	0.027530555555555558	5.856117946642016	0.9716666666666667	17	stCNASim-rs_T	11:108368901	17	10	0.5882352941176471
0.043333333333333335	0.044788888888888885	4.883858197760319	0.9583333333333334	26	stCNASim-rs_T	11:111883850	26	12	0.46153846153846156
0.023333333333333334	0.022788888888888893	6.469709614686531	0.9766666666666667	14	stCNASim-rs_T	11:113798135	14	11	0.7857142857142857
0.68	0.7542666666666665	1.2771842224828884	0.5283333333333333	408	stCNASim-rs_T	11:116789970	408	229	0.5612745098039216
5.101666666666667	9.891330555555555	0.6164747293471955	0.02666666666666667	3061	stCNASim-rs_T	11:116830819	3061	1568	0.5122508983992159
66.62333333333333	919.4347888888889	0.4551285803087646	0.0	39974	stCNASim-rs_T	11:116832924	39974	20260	0.506829439135438
63.82	846.5876000000001	0.4559100351485359	0.0	38292	stCNASim-rs_T	11:116832955	38292	19087	0.4984592081897002
0.06166666666666667	0.061197222222222236	4.0115792889991635	0.94	37	stCNASim-rs_T	11:117820203	37	19	0.5135135135135135
0.09833333333333333	0.0919972222222222	3.0845129327591287	0.9033333333333333	59	stCNASim-rs_T	11:118001371	59	25	0.423728813559322
0.03166666666666667	0.0306638888888889	5.529823430751732	0.9683333333333334	19	stCNASim-rs_T	11:118657756	19	5	0.2631578947368421
0.05333333333333334	0.0604888888888889	4.611466677777679	0.9516666666666667	32	stCNASim-rs_T	11:118747911	32	15	0.46875
0.07166666666666667	0.06653055555555556	3.5990954885837296	0.9283333333333333	43	stCNASim-rs_T	11:118791319	43	19	0.4418604651162791
0.075	0.08270833333333334	3.8345408674955896	0.9316666666666666	45	stCNASim-rs_T	11:119023577	45	24	0.5333333333333333
0.49833333333333335	0.556663888888889	1.4971888585389102	0.625	299	stCNASim-rs_T	11:119024492	299	157	0.5250836120401338
0.02	0.022933333333333326	7.5718777565409745	0.9816666666666667	12	stCNASim-rs_T	11:119024785	12	3	0.25
0.105	0.11397499999999998	3.2152555825368605	0.905	63	stCNASim-rs_T	11:119096581	63	25	0.3968253968253968
0.025	0.024374999999999997	6.244997973418406	0.975	15	stCNASim-rs_T	11:119096814	15	10	0.6666666666666666
1.0966666666666667	1.3006555555555555	1.0399357467088242	0.36333333333333334	658	stCNASim-rs_T	11:120229811	658	274	0.41641337386018235
0.95	1.2408333333333332	1.1725547234910958	0.43166666666666664	570	stCNASim-rs_T	11:120229888	570	258	0.45263157894736844
0.02666666666666667	0.029288888888888896	6.41774880243016	0.975	16	stCNASim-rs_T	11:120230158	16	9	0.5625
0.07	0.0751	3.914911310420047	0.935	42	stCNASim-rs_T	11:124884244	42	23	0.5476190476190477
0.023333333333333334	0.022788888888888893	6.469709614686531	0.9766666666666667	14	stCNASim-rs_T	11:125097259	14	5	0.35714285714285715
0.051666666666666666	0.04899722222222221	4.284254735496762	0.9483333333333334	31	stCNASim-rs_T	11:125893851	31	16	0.5161290322580645
0.023333333333333334	0.022788888888888893	6.469709614686531	0.9766666666666667	14	stCNASim-rs_T	11:129859423	14	5	0.35714285714285715
0.021666666666666667	0.021197222222222218	6.719661132604933	0.9783333333333334	13	stCNASim-rs_T	11:130210142	13	3	0.23076923076923078
0.028333333333333332	0.02753055555555556	5.856117946642017	0.9716666666666667	17	stCNASim-rs_T	11:130210170	17	6	0.35294117647058826
0.016666666666666666	0.016388888888888887	7.681145701781733	0.9833333333333333	10	stCNASim-rs_T	12:1786206	10	3	0.3
0.08333333333333333	0.08305555555555555	3.458323289008129	0.92	50	stCNASim-rs_T	12:6866342	50	19	0.38
0.2783333333333333	0.27753055555555556	1.892736606125471	0.7566666666666667	167	stCNASim-rs_T	12:7127589	167	88	0.5269461077844312
0.15	0.16749999999999998	2.728450922138516	0.87	90	stCNASim-rs_T	12:7128284	90	41	0.45555555555555555
0.08333333333333333	0.08972222222222222	3.5944401468089575	0.9233333333333333	50	stCNASim-rs_T	12:7158738	50	27	0.54
0.043333333333333335	0.04145555555555556	4.698608621180273	0.9566666666666667	26	stCNASim-rs_T	12:10116823	26	7	0.2692307692307692
0.06	0.05973333333333334	4.073400610949524	0.9416666666666667	36	stCNASim-rs_T	12:10116845	36	8	0.2222222222222222
0.13166666666666665	0.1476638888888889	2.9185108331092127	0.885	79	stCNASim-rs_T	12:10699173	79	35	0.4430379746835443
0.023333333333333334	0.026122222222222224	6.9267302116858165	0.9783333333333334	14	stCNASim-rs_T	12:14882147	14	8	0.5714285714285714
1.18	1.5776	1.0644283706289523	0.37166666666666665	708	stCNASim-rs_T	12:16364060	708	315	0.4449152542372881
0.028333333333333332	0.040863888888888894	7.134641814943138	0.9766666666666667	17	stCNASim-rs_T	12:40368149	17	4	0.23529411764705882
0.06333333333333334	0.06598888888888889	4.056047767686445	0.94	38	stCNASim-rs_T	12:48829936	38	22	0.5789473684210527
0.016666666666666666	0.016388888888888887	7.681145701781733	0.9833333333333333	10	stCNASim-rs_T	12:49558611	10	2	0.2
0.02	0.019599999999999996	6.999999964999999	0.98	12	stCNASim-rs_T	12:49644509	12	6	0.5
2.5033333333333334	3.9233222222222213	0.7912401321030366	0.12333333333333334	1502	stCNASim-rs_T	12:49764761	1502	768	0.511318242343542
0.016666666666666666	0.01638888888888889	7.681145701781734	0.9833333333333333	10	stCNASim-rs_T	12:54286558	10	4	0.4
0.05333333333333334	0.053822222222222216	4.349928152170213	0.9483333333333334	32	stCNASim-rs_T	12:57095865	32	25	0.78125
0.04	0.04173333333333334	5.107184469246893	0.9616666666666667	24	stCNASim-rs_T	12:57096045	24	19	0.7916666666666666
0.09333333333333334	0.09128888888888888	3.2372197661385957	0.91	56	stCNASim-rs_T	12:66137052	56	46	0.8214285714285714
0.023333333333333334	0.022788888888888893	6.469709614686531	0.9766666666666667	14	stCNASim-rs_T	12:75499619	14	8	0.5714285714285714
0.018333333333333333	0.017997222222222223	7.317475928304944	0.9816666666666667	11	stCNASim-rs_T	12:79592094	11	7	0.6363636363636364
0.2633333333333333	0.28398888888888896	2.023693969596444	0.7766666666666666	158	stCNASim-rs_T	12:91145898	158	66	0.4177215189873418
0.9266666666666666	1.284622222222222	1.2231062178451846	0.44	556	stCNASim-rs_T	12:95972733	556	307	0.552158273381295
0.16333333333333333	0.17998888888888886	2.5974549408984373	0.8566666666666667	98	stCNASim-rs_T	12:95972991	98	43	0.4387755102040816
0.07333333333333333	0.07795555555555557	3.807343920512154	0.9316666666666666	44	stCNASim-rs_T	12:102396074	44	24	0.5454545454545454
0.018333333333333333	0.017997222222222227	7.317475928304946	0.9816666666666667	11	stCNASim-rs_T	12:103772465	11	3	0.2727272727272727
0.29333333333333333	0.30395555555555553	1.8795056051806545	0.75	176	stCNASim-rs_T	12:103947325	176	75	0.42613636363636365
0.02666666666666667	0.025955555555555558	6.041522964141575	0.9733333333333334	16	stCNASim-rs_T	12:103951345	16	3	0.1875
0.03833333333333333	0.03686388888888889	5.008688090792904	0.9616666666666667	23	stCNASim-rs_T	12:105173353	23	10	0.43478260869565216
0.02666666666666667	0.029288888888888896	6.41774880243016	0.975	16	stCNASim-rs_T	12:106509896	16	7	0.4375
0.035	0.03710833333333333	5.50386380951624	0.9666666666666667	21	stCNASim-rs_T	12:109448798	21	10	0.47619047619047616
0.18	0.18093333333333333	2.3631255010500074	0.8366666666666667	108	stCNASim-rs_T	12:109557065	108	29	0.26851851851851855
0.05333333333333334	0.0604888888888889	4.611466677777679	0.95	32	stCNASim-rs_T	12:113192144	32	4	0.125
0.028333333333333332	0.030863888888888896	6.2005134070188745	0.9733333333333334	17	stCNASim-rs_T	12:113298311	17	7	0.4117647058823529
0.10833333333333334	0.11659722222222219	3.151969419944009	0.9	65	stCNASim-rs_T	12:120127384	65	29	0.4461538461538462
0.13	0.13310000000000002	2.8063748204496655	0.88	78	stCNASim-rs_T	12:120503412	78	50	0.6410256410256411
0.02	0.019599999999999996	6.999999964999999	0.98	12	stCNASim-rs_T	12:121641762	12	7	0.5833333333333334
0.021666666666666667	0.021197222222222218	6.719661132604933	0.9783333333333334	13	stCNASim-rs_T	12:121857429	13	7	0.5384615384615384
0.043333333333333335	0.051455555555555546	5.234726997411886	0.9616666666666667	26	stCNASim-rs_T	12:122147205	26	10	0.38461538461538464
0.075	0.07604166666666666	3.6767537968252832	0.9283333333333333	45	stCNASim-rs_T	12:122271637	45	24	0.5333333333333333
1.2833333333333334	1.6530555555555557	1.0018535696311732	0.32	770	stCNASim-rs_T	12:132704890	770	296	0.38441558441558443
0.03	0.0291	5.686240684123191	0.97	18	stCNASim-rs_T	12:133205019	18	6	0.3333333333333333
0.028333333333333332	0.034197222222222226	6.526761495279179	0.975	17	stCNASim-rs_T	14:20343283	17	10	0.5882352941176471
0.04	0.04173333333333334	5.107184469246893	0.9616666666666667	24	stCNASim-rs_T	14:20357806	24	10	0.4166666666666667
0.02666666666666667	0.025955555555555558	6.041522964141575	0.9733333333333334	16	stCNASim-rs_T	14:21209535	16	6	0.375
0.055	0.05197500000000001	4.145095670710007	0.945	33	stCNASim-rs_T	14:21459117	33	18	0.5454545454545454
0.043333333333333335	0.04812222222222221	5.06233333717089	0.96	26	stCNASim-rs_T	14:22971970	26	10	0.38461538461538464
0.06333333333333334	0.059322222222222214	3.845708470166053	0.9366666666666666	38	stCNASim-rs_T	14:23098565	38	18	0.47368421052631576
0.03666666666666667	0.035322222222222234	5.12569284384282	0.9633333333333334	22	stCNASim-rs_T	14:35029237	22	13	0.5909090909090909
0.043333333333333335	0.04478888888888889	4.883858197760319	0.9583333333333334	26	stCNASim-rs_T	14:35029279	26	17	0.6538461538461539
0.08166666666666667	0.08166388888888887	3.4992115449154144	0.9216666666666666	49	stCNASim-rs_T	14:35401887	49	30	0.6122448979591837
0.07333333333333333	0.07462222222222223	3.7250547673836305	0.93	44	stCNASim-rs_T	14:35402011	44	18	0.4090909090909091
0.04666666666666667	0.04782222222222221	4.686062694774643	0.955	28	stCNASim-rs_T	14:39179425	28	24	0.8571428571428571
0.056666666666666664	0.06345555555555556	4.445362258016202	0.9483333333333334	34	stCNASim-rs_T	14:39181720	34	11	0.3235294117647059
0.21666666666666667	0.23638888888888887	2.2439926367819756	0.8083333333333333	130	stCNASim-rs_T	14:39350530	130	50	0.38461538461538464
0.03333333333333333	0.06555555555555556	7.681145724825171	0.9766666666666667	20	stCNASim-rs_T	14:49625416	20	10	0.5
0.016666666666666666	0.016388888888888887	7.681145701781733	0.9833333333333333	10	stCNASim-rs_T	14:49784075	10	6	0.6
0.021666666666666667	0.021197222222222218	6.719661132604933	0.9783333333333334	13	stCNASim-rs_T	14:50108690	13	5	0.38461538461538464
0.021666666666666667	0.021197222222222218	6.719661132604933	0.9783333333333334	13	stCNASim-rs_T	14:50108693	13	5	0.38461538461538464
0.30833333333333335	0.35993055555555553	1.9457582485750318	0.75	185	stCNASim-rs_T	14:50905385	185	46	0.24864864864864866
0.07833333333333334	0.07553055555555556	3.508445474445894	0.9233333333333333	47	stCNASim-rs_T	14:52727701	47	20	0.425531914893617
0.06833333333333333	0.07033055555555554	3.8809622378566133	0.935	41	stCNASim-rs_T	14:54423634	41	19	0.4634146341463415
0.021666666666666667	0.021197222222222215	6.719661132604933	0.9783333333333334	13	stCNASim-rs_T	14:64226188	13	13	1.0
0.016666666666666666	0.016388888888888894	7.681145701781734	0.9833333333333333	10	stCNASim-rs_T	14:64481771	10	5	0.5
0.105	0.10397499999999998	3.0709671089583606	0.9	63	stCNASim-rs_T	14:67677474	63	23	0.36507936507936506
0.03	0.0291	5.686240684123191	0.97	18	stCNASim-rs_T	14:70584371	18	12	0.6666666666666666
0.07333333333333333	0.08128888888888888	3.887891772942529	0.9333333333333333	44	stCNASim-rs_T	14:73220236	44	20	0.45454545454545453
0.15333333333333332	0.16982222222222224	2.6875755565995103	0.8666666666666667	92	stCNASim-rs_T	14:74286199	92	38	0.41304347826086957
0.10166666666666667	0.11133055555555556	3.281924629239959	0.9083333333333333	61	stCNASim-rs_T	14:75470319	61	29	0.47540983606557374
0.03333333333333333	0.03555555555555555	5.656854232521816	0.9683333333333334	20	stCNASim-rs_T	14:77469177	20	12	0.6
0.018333333333333333	0.01799722222222222	7.317475928304944	0.9816666666666667	11	stCNASim-rs_T	14:88087008	11	6	0.5454545454545454
0.018333333333333333	0.01799722222222222	7.317475928304944	0.9816666666666667	11	stCNASim-rs_T	14:88087009	11	5	0.45454545454545453
0.035	0.033775	5.250850256280172	0.965	21	stCNASim-rs_T	14:90278202	21	18	0.8571428571428571
0.28	0.2982666666666666	1.9504926982662707	0.7616666666666667	168	stCNASim-rs_T	14:94116589	168	91	0.5416666666666666
0.215	0.22877499999999998	2.2246711452320405	0.81	129	stCNASim-rs_T	14:94377118	129	77	0.5968992248062015
0.023333333333333334	0.022788888888888893	6.469709614686531	0.9766666666666667	14	stCNASim-rs_T	14:94377481	14	13	0.9285714285714286
66.01166666666667	961.848197222222	0.46982115660795515	0.0	39607	stCNASim-rs_T	14:94378506	39607	18202	0.4595652283687227
0.2783333333333333	0.28419722222222227	1.915334773387573	0.7616666666666667	167	stCNASim-rs_T	14:94592739	167	90	0.5389221556886228
2.4166666666666665	3.336388888888889	0.755825571702732	0.12	1450	stCNASim-rs_T	14:94593044	1450	701	0.48344827586206895
0.018333333333333333	0.017997222222222223	7.317475928304944	0.9816666666666667	11	stCNASim-rs_T	14:95407329	11	9	0.8181818181818182
0.023333333333333334	0.022788888888888893	6.469709614686531	0.9766666666666667	14	stCNASim-rs_T	14:100280985	14	10	0.7142857142857143
0.7233333333333334	0.8901222222222221	1.3043265739626513	0.52	434	stCNASim-rs_T	14:100330064	434	210	0.4838709677419355
0.03	0.0291	5.686240684123191	0.97	18	stCNASim-rs_T	14:102342318	18	9	0.5
0.056666666666666664	0.056788888888888896	4.205368122394087	0.945	34	stCNASim-rs_T	14:102348361	34	21	0.6176470588235294
0.018333333333333333	0.017997222222222223	7.317475928304944	0.9816666666666667	11	stCNASim-rs_T	14:102348608	11	6	0.5454545454545454
0.2866666666666667	0.30782222222222233	1.9354091408656184	0.76	172	stCNASim-rs_T	14:102930718	172	84	0.4883720930232558
0.018333333333333333	0.017997222222222223	7.317475928304944	0.9816666666666667	11	stCNASim-rs_T	14:103503572	11	7	0.6363636363636364
0.06833333333333333	0.07033055555555554	3.8809622378566133	0.935	41	stCNASim-rs_T	14:103535897	41	18	0.43902439024390244
0.23833333333333334	0.2448638888888889	2.0762401449070245	0.7916666666666666	143	stCNASim-rs_T	14:104115423	143	73	0.5104895104895105
1.2383333333333333	12.501530555555556	2.8552492750451206	0.6383333333333333	743	stCNASim-rs_T	14:105769274	743	315	0.423956931359354
0.14166666666666666	0.13493055555555558	2.592910214703145	0.865	85	stCNASim-rs_T	15:30938987	85	27	0.3176470588235294
0.15666666666666668	0.16212222222222222	2.5700683330361005	0.8583333333333333	94	stCNASim-rs_T	15:30939052	94	47	0.5
0.051666666666666666	0.05899722222222221	4.701163306980696	0.9533333333333334	31	stCNASim-rs_T	15:40035497	31	10	0.3225806451612903
0.09666666666666666	0.09398888888888889	3.171476619912615	0.9066666666666666	58	stCNASim-rs_T	15:40036374	58	33	0.5689655172413793
0.016666666666666666	0.016388888888888894	7.681145701781734	0.9833333333333333	10	stCNASim-rs_T	15:40038363	10	5	0.5
0.051666666666666666	0.05233055555555555	4.427588271890786	0.95	31	stCNASim-rs_T	15:40418524	31	18	0.5806451612903226
0.04	0.038400000000000004	4.898979473318907	0.96	24	stCNASim-rs_T	15:40814287	24	11	0.4583333333333333
0.035	0.033775	5.250850256280172	0.965	21	stCNASim-rs_T	15:41503702	21	11	0.5238095238095238
0.045	0.04630833333333334	4.782082460138543	0.9566666666666667	27	stCNASim-rs_T	15:44712948	27	11	0.4074074074074074
1.835	2.9944416666666664	0.9430220768077834	0.20166666666666666	1101	stCNASim-rs_T	15:44717814	1101	509	0.4623069936421435
0.06333333333333334	0.0593222222222222	3.8457084701660524	0.9366666666666666	38	stCNASim-rs_T	15:45167366	38	21	0.5526315789473685
1.7616666666666667	2.4148638888888887	0.8821096876374093	0.21166666666666667	1057	stCNASim-rs_T	15:45361394	1057	510	0.4824976348155156
0.38333333333333336	0.4163888888888889	1.6833444067439918	0.695	230	stCNASim-rs_T	15:45361509	230	110	0.4782608695652174
0.02666666666666667	0.025955555555555555	6.041522964141574	0.9733333333333334	16	stCNASim-rs_T	15:55359172	16	10	0.625
0.09333333333333334	0.09795555555555555	3.3533413090658493	0.9133333333333333	56	stCNASim-rs_T	15:57550469	56	33	0.5892857142857143
1.9016666666666666	3.1453305555555553	0.9326071761762471	0.22833333333333333	1141	stCNASim-rs_T	15:58185868	1141	499	0.43733567046450483
0.09666666666666666	0.10398888888888891	3.3359284354316876	0.9116666666666666	58	stCNASim-rs_T	15:63071702	58	18	0.3103448275862069
0.04833333333333333	0.04933055555555555	4.595272337473194	0.9533333333333334	29	stCNASim-rs_T	15:63153565	29	6	0.20689655172413793
0.11	0.11790000000000002	3.121506308687612	0.8983333333333333	66	stCNASim-rs_T	15:63157481	66	15	0.22727272727272727
0.09166666666666666	0.08993055555555554	3.271464399239599	0.9116666666666666	55	stCNASim-rs_T	15:73714350	55	22	0.4
0.03333333333333333	0.03888888888888888	5.916079765351376	0.97	20	stCNASim-rs_T	15:73983335	20	11	0.55
0.041666666666666664	0.039930555555555566	4.795831511802724	0.9583333333333334	25	stCNASim-rs_T	15:75658392	25	13	0.52
0.085	0.07777500000000002	3.2809611178775384	0.915	51	stCNASim-rs_T	15:78548878	51	14	0.27450980392156865
0.055	0.051975	4.145095670710007	0.945	33	stCNASim-rs_T	15:79899001	33	22	0.6666666666666666
0.04	0.03840000000000001	4.898979473318908	0.96	24	stCNASim-rs_T	15:79924758	24	12	0.5
0.15333333333333332	0.14648888888888892	2.496121753921195	0.855	92	stCNASim-rs_T	15:80180219	92	49	0.532608695652174
0.7683333333333333	0.9013305555555555	1.2356411756400199	0.49166666666666664	461	stCNASim-rs_T	15:80186303	461	194	0.420824295010846
0.03166666666666667	0.03399722222222223	5.822632297963545	0.97	19	stCNASim-rs_T	15:84895760	19	0	0.0
0.10833333333333334	0.10993055555555552	3.060533268571471	0.8983333333333333	65	stCNASim-rs_T	15:90229599	65	31	0.47692307692307695
1.57	2.2684333333333333	0.9593196884741023	0.2916666666666667	942	stCNASim-rs_T	15:90883330	942	518	0.5498938428874734
0.045	0.046308333333333354	4.782082460138544	0.9566666666666667	27	stCNASim-rs_T	15:90931006	27	14	0.5185185185185185
0.13833333333333334	0.13586388888888887	2.6645580021236133	0.87	83	stCNASim-rs_T	15:90954009	83	42	0.5060240963855421
0.021666666666666667	0.02453055555555555	7.228723081393684	0.98	13	stCNASim-rs_T	15:97973522	13	7	0.5384615384615384
0.023333333333333334	0.022788888888888893	6.469709614686531	0.9766666666666667	14	stCNASim-rs_T	15:99716413	14	7	0.5
0.021666666666666667	0.021197222222222218	6.719661132604933	0.9783333333333334	13	stCNASim-rs_T	15:100547844	13	5	0.38461538461538464
0.07	0.06843333333333333	3.737109358134306	0.9316666666666666	42	stCNASim-rs_T	16:554554	42	20	0.47619047619047616
0.09333333333333334	0.0946222222222222	3.2957919950571735	0.9116666666666666	56	stCNASim-rs_T	16:717430	56	18	0.32142857142857145
0.07	0.10176666666666663	4.557269733475738	0.9383333333333334	42	stCNASim-rs_T	16:1228424	42	22	0.5238095238095238
0.43833333333333335	0.4695305555555554	1.5632463805285706	0.6533333333333333	263	stCNASim-rs_T	16:1809149	263	98	0.3726235741444867
0.465	0.49544166666666667	1.513712199291859	0.6366666666666667	279	stCNASim-rs_T	16:1809152	279	102	0.3655913978494624
0.065	0.06410833333333335	3.8953266837373173	0.9366666666666666	39	stCNASim-rs_T	16:1978401	39	8	0.20512820512820512
0.04833333333333333	0.052663888888888885	4.747989113314535	0.955	29	stCNASim-rs_T	16:1986047	29	13	0.4482758620689655
0.08	0.08026666666666667	3.5414215557191864	0.9233333333333333	48	stCNASim-rs_T	16:1997810	48	20	0.4166666666666667
0.06166666666666667	0.061197222222222236	4.0115792889991635	0.94	37	stCNASim-rs_T	16:2253352	37	18	0.4864864864864865
0.055	0.055308333333333334	4.2759497763640155	0.9466666666666667	33	stCNASim-rs_T	16:2253370	33	12	0.36363636363636365
0.025	0.024375	6.244997973418406	0.975	15	stCNASim-rs_T	16:4510300	15	5	0.3333333333333333
0.023333333333333334	0.022788888888888893	6.469709614686531	0.9766666666666667	14	stCNASim-rs_T	16:4510928	14	5	0.35714285714285715
0.08333333333333333	0.09305555555555556	3.6606010391519046	0.925	50	stCNASim-rs_T	16:4797168	50	27	0.54
0.03333333333333333	0.03555555555555555	5.656854232521816	0.9683333333333334	20	stCNASim-rs_T	16:4797316	20	10	0.5
0.03	0.0291	5.686240684123191	0.97	18	stCNASim-rs_T	16:8853179	18	14	0.7777777777777778
0.021666666666666667	0.021197222222222218	6.719661132604933	0.9783333333333334	13	stCNASim-rs_T	16:8853271	13	10	0.7692307692307693
0.025	0.024374999999999997	6.244997973418406	0.975	15	stCNASim-rs_T	16:10483438	15	6	0.4
0.03333333333333333	0.032222222222222215	5.385164790979009	0.9666666666666667	20	stCNASim-rs_T	16:11548386	20	7	0.35
0.035	0.033775	5.250850256280172	0.965	21	stCNASim-rs_T	16:15038117	21	7	0.3333333333333333
0.555	0.676975	1.482495324171236	0.6016666666666667	333	stCNASim-rs_T	16:20486757	333	81	0.24324324324324326
0.021666666666666667	0.02786388888888889	7.704221507583114	0.9816666666666667	13	stCNASim-rs_T	16:23669844	13	5	0.38461538461538464
0.07333333333333333	0.07795555555555556	3.807343920512154	0.9316666666666666	44	stCNASim-rs_T	16:27221459	44	15	0.3409090909090909
0.15166666666666667	0.17533055555555557	2.7608236223334446	0.87	91	stCNASim-rs_T	16:27221697	91	44	0.4835164835164835
0.24	0.2557333333333333	2.1070868067345896	0.7933333333333333	144	stCNASim-rs_T	16:27225082	144	72	0.5
0.03666666666666667	0.03532222222222223	5.1256928438428195	0.9633333333333334	22	stCNASim-rs_T	16:27364466	22	17	0.7727272727272727
0.085	0.08777500000000002	3.485511282258351	0.92	51	stCNASim-rs_T	16:28499524	51	25	0.49019607843137253
0.08166666666666667	0.0949972222222222	3.7740758398471117	0.9266666666666666	49	stCNASim-rs_T	16:28592014	49	22	0.4489795918367347
0.06333333333333334	0.07932222222222221	4.446979110165543	0.945	38	stCNASim-rs_T	16:28592021	38	12	0.3157894736842105
0.09	0.11190000000000003	3.71682859224302	0.9216666666666666	54	stCNASim-rs_T	16:28592334	54	24	0.4444444444444444
0.6466666666666666	0.5951555555555555	1.1929844165082408	0.5016666666666667	388	stCNASim-rs_T	16:28605736	388	204	0.5257731958762887
0.2966666666666667	0.27198888888888895	1.7579512578880354	0.735	178	stCNASim-rs_T	16:28605807	178	85	0.47752808988764045
0.07333333333333333	0.07128888888888889	3.640906248580726	0.9283333333333333	44	stCNASim-rs_T	16:31382858	44	12	0.2727272727272727
0.255	0.259975	1.9995193570710377	0.7783333333333333	153	stCNASim-rs_T	16:56361585	153	81	0.5294117647058824
0.023333333333333334	0.026122222222222227	6.926730211685817	0.9783333333333334	14	stCNASim-rs_T	16:56477333	14	7	0.5
0.12333333333333334	0.17478888888888888	3.3898184654922394	0.905	74	stCNASim-rs_T	16:56639916	74	69	0.9324324324324325
11.176666666666666	43.758788888888894	0.5918618510400153	0.0016666666666666668	6706	stCNASim-rs_T	16:56666810	6706	3129	0.46659707724425886
0.03833333333333333	0.03686388888888889	5.008688090792904	0.9616666666666667	23	stCNASim-rs_T	16:56666995	23	10	0.43478260869565216
0.02666666666666667	0.029288888888888896	6.41774880243016	0.975	16	stCNASim-rs_T	16:57083493	16	5	0.3125
0.02666666666666667	0.025955555555555555	6.041522964141574	0.9733333333333334	16	stCNASim-rs_T	16:57689327	16	5	0.3125
0.045	0.042975000000000006	4.606758310124511	0.955	27	stCNASim-rs_T	16:57758221	27	7	0.25925925925925924
0.24333333333333335	0.2474555555555555	2.044311156148113	0.7866666666666666	146	stCNASim-rs_T	16:58707463	146	49	0.3356164383561644
0.03833333333333333	0.04019722222222222	5.230237793915849	0.9633333333333334	23	stCNASim-rs_T	16:67148096	23	12	0.5217391304347826
0.021666666666666667	0.021197222222222218	6.719661132604933	0.9783333333333334	13	stCNASim-rs_T	16:69941457	13	8	0.6153846153846154
0.041666666666666664	0.04326388888888891	4.991993577758691	0.96	25	stCNASim-rs_T	16:72024982	25	11	0.44
0.056666666666666664	0.06012222222222223	4.327029388035357	0.9466666666666667	34	stCNASim-rs_T	16:72025250	34	17	0.5
0.02	0.019599999999999992	6.999999964999999	0.98	12	stCNASim-rs_T	16:72112542	12	7	0.5833333333333334
0.06333333333333334	0.06598888888888889	4.056047767686445	0.94	38	stCNASim-rs_T	16:72112671	38	20	0.5263157894736842
0.041666666666666664	0.05659722222222223	5.709640955744941	0.9666666666666667	25	stCNASim-rs_T	16:75294018	25	19	0.76
0.025	0.024374999999999997	6.244997973418406	0.975	15	stCNASim-rs_T	16:81082228	15	4	0.26666666666666666
0.025	0.024374999999999997	6.244997973418406	0.975	15	stCNASim-rs_T	16:81082237	15	4	0.26666666666666666
0.5583333333333333	0.5965972222222222	1.383397723706555	0.5816666666666667	335	stCNASim-rs_T	16:81082405	335	218	0.6507462686567164
0.03833333333333333	0.03686388888888889	5.008688090792904	0.9616666666666667	23	stCNASim-rs_T	16:82148193	23	13	0.5652173913043478
0.018333333333333333	0.01799722222222222	7.317475928304944	0.9816666666666667	11	stCNASim-rs_T	16:83915901	11	4	0.36363636363636365
0.03333333333333333	0.032222222222222215	5.385164790979009	0.9666666666666667	20	stCNASim-rs_T	16:83916160	20	7	0.35
0.03166666666666667	0.030663888888888893	5.5298234307517316	0.9683333333333334	19	stCNASim-rs_T	16:84178502	19	4	0.21052631578947367
0.19666666666666666	0.20798888888888892	2.318938923476437	0.8283333333333334	118	stCNASim-rs_T	16:88643304	118	29	0.2457627118644068
0.41333333333333333	0.46915555555555555	1.6571354239915088	0.68	248	stCNASim-rs_T	16:88643329	248	87	0.35080645161290325
0.5216666666666666	0.6695305555555556	1.568527414596357	0.6366666666666667	313	stCNASim-rs_T	16:88643420	313	134	0.4281150159744409
0.02666666666666667	0.02928888888888889	6.417748802430158	0.975	16	stCNASim-rs_T	16:88651945	16	6	0.375
0.06	0.05973333333333334	4.073400610949524	0.9416666666666667	36	stCNASim-rs_T	16:88813787	36	14	0.3888888888888889
0.04833333333333333	0.04599722222222222	4.437302681916048	0.9516666666666667	29	stCNASim-rs_T	16:88813828	29	12	0.41379310344827586
0.06666666666666667	0.07222222222222223	4.0311288681025825	0.9383333333333334	40	stCNASim-rs_T	16:89561052	40	5	0.125
0.20666666666666667	0.2072888888888889	2.2030156220261374	0.815	124	stCNASim-rs_T	16:89561263	124	46	0.3709677419354839
0.36833333333333335	0.4026638888888888	1.7227819717022406	0.7066666666666667	221	stCNASim-rs_T	16:89563328	221	144	0.6515837104072398
0.2966666666666667	0.33532222222222224	1.9519218055456529	0.7566666666666667	178	stCNASim-rs_T	16:89563372	178	115	0.6460674157303371
0.17166666666666666	0.18553055555555556	2.5091218243362503	0.8483333333333334	103	stCNASim-rs_T	16:89563411	103	61	0.5922330097087378
0.025	0.024375	6.244997973418406	0.975	15	stCNASim-rs_T	17:28394876	15	4	0.26666666666666666
0.03166666666666667	0.03066388888888889	5.5298234307517316	0.9683333333333334	19	stCNASim-rs_T	17:28860771	19	7	0.3684210526315789
0.028333333333333332	0.034197222222222226	6.526761495279179	0.975	17	stCNASim-rs_T	17:29261788	17	8	0.47058823529411764
0.07	0.07176666666666666	3.8270430441209964	0.9333333333333333	42	stCNASim-rs_T	17:36105271	42	20	0.47619047619047616
0.09	0.09523333333333334	3.4288776035261774	0.9166666666666666	54	stCNASim-rs_T	17:38733306	54	28	0.5185185185185185
0.105	0.11397499999999998	3.2152555825368605	0.9033333333333333	63	stCNASim-rs_T	17:40019209	63	53	0.8412698412698413
0.051666666666666666	0.04899722222222221	4.284254735496762	0.9483333333333334	31	stCNASim-rs_T	17:41867214	31	12	0.3870967741935484
0.09833333333333333	0.10533055555555557	3.300474834731505	0.91	59	stCNASim-rs_T	17:42313598	59	28	0.4745762711864407
0.04	0.03840000000000001	4.898979473318908	0.96	24	stCNASim-rs_T	17:45151932	24	17	0.7083333333333334
0.023333333333333334	0.022788888888888893	6.469709614686531	0.9766666666666667	14	stCNASim-rs_T	17:46941877	14	5	0.35714285714285715
0.27666666666666667	0.3201222222222222	2.0450365468698837	0.7733333333333333	166	stCNASim-rs_T	17:47981705	166	89	0.536144578313253
0.18333333333333332	0.20972222222222223	2.4979330284618704	0.84	110	stCNASim-rs_T	17:49404181	110	47	0.42727272727272725
0.04	0.04173333333333334	5.107184469246893	0.9616666666666667	24	stCNASim-rs_T	17:49599620	24	14	0.5833333333333334
0.03333333333333333	0.032222222222222215	5.385164790979009	0.9666666666666667	20	stCNASim-rs_T	17:54961293	20	10	0.5
0.018333333333333333	0.01799722222222222	7.317475928304944	0.9816666666666667	11	stCNASim-rs_T	17:54961384	11	8	0.7272727272727273
0.055	0.051975000000000014	4.145095670710008	0.945	33	stCNASim-rs_T	17:54962122	33	20	0.6060606060606061
0.02666666666666667	0.025955555555555558	6.041522964141575	0.9733333333333334	16	stCNASim-rs_T	17:57006572	16	7	0.4375
0.041666666666666664	0.0432638888888889	4.991993577758691	0.96	25	stCNASim-rs_T	17:64322640	25	11	0.44
0.035	0.033775	5.250850256280172	0.965	21	stCNASim-rs_T	17:64323215	21	8	0.38095238095238093
0.055	0.05864166666666667	4.402916631124886	0.9483333333333334	33	stCNASim-rs_T	17:68256954	33	21	0.6363636363636364
0.6283333333333333	0.6401972222222222	1.273405709708387	0.535	377	stCNASim-rs_T	17:68532637	377	213	0.5649867374005305
0.03833333333333333	0.03686388888888889	5.008688090792904	0.9616666666666667	23	stCNASim-rs_T	17:68974804	23	7	0.30434782608695654
0.03833333333333333	0.04019722222222222	5.230237793915849	0.9633333333333334	23	stCNASim-rs_T	17:74450469	23	11	0.4782608695652174
0.095	0.08930833333333332	3.1457368266125596	0.9066666666666666	57	stCNASim-rs_T	17:74451561	57	23	0.40350877192982454
0.05	0.054166666666666655	4.654746671946819	0.9533333333333334	30	stCNASim-rs_T	17:74451611	30	7	0.23333333333333334
0.03833333333333333	0.04353055555555555	5.442776715148326	0.965	23	stCNASim-rs_T	17:74451622	23	5	0.21739130434782608
0.23	0.25043333333333334	2.1757962847849592	0.7983333333333333	138	stCNASim-rs_T	17:74769076	138	84	0.6086956521739131
0.09	0.08856666666666667	3.3066835884769348	0.9133333333333333	54	stCNASim-rs_T	17:74862678	54	31	0.5740740740740741
0.025	0.024374999999999997	6.244997973418406	0.975	15	stCNASim-rs_T	17:75776775	15	4	0.26666666666666666
0.023333333333333334	0.022788888888888893	6.469709614686531	0.9766666666666667	14	stCNASim-rs_T	17:75825549	14	7	0.5
0.021666666666666667	0.021197222222222218	6.719661132604933	0.9783333333333334	13	stCNASim-rs_T	17:76039462	13	2	0.15384615384615385
0.025	0.024375	6.244997973418406	0.975	15	stCNASim-rs_T	17:76081416	15	9	0.6
0.025	0.031041666666666665	7.047458142432158	0.9783333333333334	15	stCNASim-rs_T	17:76270929	15	2	0.13333333333333333
0.05333333333333334	0.05048888888888888	4.213074878688663	0.9466666666666667	32	stCNASim-rs_T	17:76470935	32	16	0.5
0.14333333333333334	0.17612222222222224	2.927924522721345	0.8783333333333333	86	stCNASim-rs_T	17:77500378	86	38	0.4418604651162791
0.175	0.18104166666666666	2.4313709340810723	0.8433333333333334	105	stCNASim-rs_T	17:78207571	105	53	0.5047619047619047
0.10166666666666667	0.11133055555555556	3.281924629239959	0.9083333333333333	61	stCNASim-rs_T	17:80999968	61	31	0.5081967213114754
0.125	0.12604166666666666	2.8401877849466217	0.8833333333333333	75	stCNASim-rs_T	17:81681336	75	20	0.26666666666666666
0.07333333333333333	0.07462222222222223	3.7250547673836305	0.93	44	stCNASim-rs_T	17:81681497	44	7	0.1590909090909091
0.05333333333333334	0.05048888888888888	4.213074878688663	0.9466666666666667	32	stCNASim-rs_T	17:81720657	32	24	0.75
0.18666666666666668	0.19182222222222223	2.3462953852654618	0.8283333333333334	112	stCNASim-rs_T	17:81720823	112	105	0.9375
0.28833333333333333	0.2951972222222222	1.8843487345958523	0.7516666666666667	173	stCNASim-rs_T	17:81720863	173	53	0.3063583815028902
2.8833333333333333	5.359722222222223	0.8029274180939654	0.12166666666666667	1730	stCNASim-rs_T	17:81843412	1730	819	0.47341040462427747
0.445	0.4803083333333332	1.557399567561614	0.645	267	stCNASim-rs_T	17:82101611	267	101	0.3782771535580524
0.16333333333333333	0.16332222222222223	2.4742741317339125	0.8483333333333334	98	stCNASim-rs_T	17:82101720	98	43	0.4387755102040816
0.04833333333333333	0.04933055555555555	4.595272337473194	0.9533333333333334	29	stCNASim-rs_T	17:82321536	29	18	0.6206896551724138
0.03833333333333333	0.04019722222222222	5.230237793915849	0.9633333333333334	23	stCNASim-rs_T	17:82321552	23	12	0.5217391304347826
0.16	0.1777333333333333	2.6349019573135823	0.8583333333333333	96	stCNASim-rs_T	17:82614752	96	52	0.5416666666666666
0.016666666666666666	0.01638888888888889	7.681145701781734	0.9833333333333333	10	stCNASim-rs_T	17:82657414	10	6	0.6
0.045	0.052975000000000015	5.114733004848996	0.96	27	stCNASim-rs_T	17:82727779	27	18	0.6666666666666666
0.05333333333333334	0.06715555555555557	4.858947922283675	0.955	32	stCNASim-rs_T	17:82727784	32	22	0.6875
0.07166666666666667	0.07653055555555553	3.8601148568419075	0.9316666666666666	43	stCNASim-rs_T	17:82941405	43	20	0.46511627906976744
0.028333333333333332	0.02753055555555556	5.856117946642017	0.9716666666666667	17	stCNASim-rs_T	18:3066946	17	6	0.35294117647058826
0.4816666666666667	0.47299722222222224	1.4278503839759673	0.6116666666666667	289	stCNASim-rs_T	18:3256114	289	132	0.45674740484429066
0.02	0.019599999999999996	6.999999964999999	0.98	12	stCNASim-rs_T	18:5239337	12	6	0.5
0.03666666666666667	0.04532222222222222	5.806095384832745	0.9683333333333334	22	stCNASim-rs_T	18:5246399	22	18	0.8181818181818182
0.08333333333333333	0.08638888888888888	3.527038413477234	0.9216666666666666	50	stCNASim-rs_T	18:9255720	50	22	0.44
0.043333333333333335	0.05478888888888888	5.4016214841688	0.9633333333333334	26	stCNASim-rs_T	18:9255984	26	13	0.5
0.03833333333333333	0.03686388888888889	5.008688090792904	0.9616666666666667	23	stCNASim-rs_T	18:24453297	23	16	0.6956521739130435
0.11333333333333333	0.11382222222222223	2.97684256887455	0.8916666666666667	68	stCNASim-rs_T	18:27951104	68	30	0.4411764705882353
0.021666666666666667	0.021197222222222218	6.719661132604933	0.9783333333333334	13	stCNASim-rs_T	18:31548609	13	9	0.6923076923076923
0.016666666666666666	0.016388888888888887	7.681145701781733	0.9833333333333333	10	stCNASim-rs_T	18:35468437	10	1	0.1
0.043333333333333335	0.04145555555555555	4.698608621180273	0.9566666666666667	26	stCNASim-rs_T	18:45983711	26	14	0.5384615384615384
0.08833333333333333	0.0838638888888889	3.278407080252997	0.9133333333333333	53	stCNASim-rs_T	18:54154874	53	16	0.3018867924528302
0.06666666666666667	0.06555555555555556	3.8405728681734455	0.935	40	stCNASim-rs_T	18:57483039	40	11	0.275
0.028333333333333332	0.027530555555555558	5.856117946642016	0.9716666666666667	17	stCNASim-rs_T	18:58449913	17	7	0.4117647058823529
0.2733333333333333	0.2919555555555555	1.9768138449306416	0.76	164	stCNASim-rs_T	18:58451261	164	71	0.4329268292682927
0.20333333333333334	0.22198888888888887	2.3171654173098446	0.825	122	stCNASim-rs_T	18:58451767	122	60	0.4918032786885246
0.14666666666666667	0.14515555555555557	2.5976785549978643	0.8633333333333333	88	stCNASim-rs_T	18:74584901	88	41	0.4659090909090909
0.016666666666666666	0.01638888888888889	7.681145701781734	0.9833333333333333	10	stCNASim-rs_T	18:79364141	10	1	0.1
0.10166666666666667	0.10799722222222224	3.2324194219512856	0.905	61	stCNASim-rs_T	18:79970600	61	33	0.5409836065573771
0.05333333333333334	0.05715555555555555	4.482605260855391	0.95	32	stCNASim-rs_T	18:79970807	32	19	0.59375
0.26666666666666666	0.2722222222222223	1.9565594795786063	0.77	160	stCNASim-rs_T	19:416834	160	76	0.475
0.09833333333333333	0.0919972222222222	3.0845129327591287	0.9033333333333333	59	stCNASim-rs_T	19:416963	59	27	0.4576271186440678
0.055	0.055308333333333334	4.2759497763640155	0.9466666666666667	33	stCNASim-rs_T	19:541685	33	20	0.6060606060606061
0.023333333333333334	0.022788888888888893	6.469709614686531	0.9766666666666667	14	stCNASim-rs_T	19:549725	14	5	0.35714285714285715
0.023333333333333334	0.022788888888888893	6.469709614686531	0.9766666666666667	14	stCNASim-rs_T	19:549728	14	5	0.35714285714285715
0.4533333333333333	0.48115555555555556	1.5301186146000696	0.645	272	stCNASim-rs_T	19:583418	272	113	0.41544117647058826
0.1	0.11333333333333333	3.3665016427541907	0.91	60	stCNASim-rs_T	19:683221	60	24	0.4
0.021666666666666667	0.021197222222222218	6.719661132604933	0.9783333333333334	13	stCNASim-rs_T	19:994557	13	0	0.0
0.2866666666666667	0.34115555555555555	2.0375066145273357	0.7683333333333333	172	stCNASim-rs_T	19:1009884	172	82	0.47674418604651164
0.43	0.4151	1.4983315036370963	0.645	258	stCNASim-rs_T	19:1088286	258	143	0.5542635658914729
0.03666666666666667	0.03865555555555556	5.362095295579241	0.965	22	stCNASim-rs_T	19:1244519	22	18	0.8181818181818182
0.07333333333333333	0.07795555555555557	3.807343920512154	0.9316666666666666	44	stCNASim-rs_T	19:1852495	44	26	0.5909090909090909
0.08	0.08026666666666667	3.5414215557191864	0.9233333333333333	48	stCNASim-rs_T	19:1852583	48	17	0.3541666666666667
0.04	0.03840000000000001	4.898979473318908	0.96	24	stCNASim-rs_T	19:1925943	24	10	0.4166666666666667
0.03833333333333333	0.036863888888888884	5.008688090792903	0.9616666666666667	23	stCNASim-rs_T	19:1925971	23	12	0.5217391304347826
0.06166666666666667	0.05786388888888889	3.9007968630609726	0.9383333333333334	37	stCNASim-rs_T	19:2233483	37	14	0.3783783783783784
0.04833333333333333	0.04933055555555555	4.595272337473194	0.9533333333333334	29	stCNASim-rs_T	19:3053576	29	7	0.2413793103448276
0.058333333333333334	0.06159722222222221	4.254649310373581	0.945	35	stCNASim-rs_T	19:3209269	35	17	0.4857142857142857
0.043333333333333335	0.044788888888888885	4.883858197760319	0.9583333333333334	26	stCNASim-rs_T	19:3750692	26	14	0.5384615384615384
0.6816666666666666	0.7469972222222223	1.267907105658319	0.5316666666666666	409	stCNASim-rs_T	19:3976323	409	206	0.5036674816625917
0.2866666666666667	0.2978222222222223	1.9037124635924554	0.7583333333333333	172	stCNASim-rs_T	19:4445076	172	80	0.46511627906976744
0.305	0.311975	1.8313023689492023	0.7383333333333333	183	stCNASim-rs_T	19:4445159	183	78	0.4262295081967213
0.035	0.033775	5.250850256280172	0.965	21	stCNASim-rs_T	19:4816148	21	14	0.6666666666666666
36.718333333333334	294.1189972222222	0.46706634863187707	0.0	22031	stCNASim-rs_T	19:6677978	22031	11105	0.5040624574463256
0.043333333333333335	0.04478888888888888	4.883858197760318	0.9583333333333334	26	stCNASim-rs_T	19:7647391	26	12	0.46153846153846156
0.035	0.03710833333333333	5.50386380951624	0.9666666666666667	21	stCNASim-rs_T	19:7769388	21	12	0.5714285714285714
0.025	0.024375	6.244997973418406	0.975	15	stCNASim-rs_T	19:7864804	15	11	0.7333333333333333
0.035	0.033775	5.250850256280172	0.965	21	stCNASim-rs_T	19:7913545	21	10	0.47619047619047616
0.045	0.042975000000000006	4.606758310124511	0.955	27	stCNASim-rs_T	19:8374583	27	10	0.37037037037037035
0.13166666666666665	0.14433055555555557	2.8853818819287267	0.8833333333333333	79	stCNASim-rs_T	19:8521202	79	33	0.4177215189873418
0.06333333333333334	0.06598888888888887	4.056047767686444	0.94	38	stCNASim-rs_T	19:10259768	38	14	0.3684210526315789
0.09666666666666666	0.1039888888888889	3.335928435431687	0.91	58	stCNASim-rs_T	19:10286547	58	23	0.39655172413793105
0.06666666666666667	0.07555555555555556	4.1231056194330025	0.94	40	stCNASim-rs_T	19:11132484	40	26	0.65
0.023333333333333334	0.022788888888888893	6.469709614686531	0.9766666666666667	14	stCNASim-rs_T	19:11132652	14	2	0.14285714285714285
0.058333333333333334	0.06493055555555555	4.368252807203182	0.9466666666666667	35	stCNASim-rs_T	19:11553253	35	19	0.5428571428571428
0.03833333333333333	0.036863888888888884	5.008688090792903	0.9616666666666667	23	stCNASim-rs_T	19:13774210	23	9	0.391304347826087
0.12833333333333333	0.14519722222222223	2.9692015516576933	0.885	77	stCNASim-rs_T	19:14471656	77	35	0.45454545454545453
0.115	0.12510833333333335	3.075709248474796	0.8966666666666666	69	stCNASim-rs_T	19:15659890	69	18	0.2608695652173913
0.16	0.16773333333333332	2.559703757301463	0.855	96	stCNASim-rs_T	19:15659974	96	40	0.4166666666666667
0.03	0.0291	5.686240684123191	0.97	18	stCNASim-rs_T	19:15660998	18	8	0.4444444444444444
0.03	0.0291	5.686240684123191	0.97	18	stCNASim-rs_T	19:15661001	18	8	0.4444444444444444
0.028333333333333332	0.02753055555555556	5.856117946642017	0.9716666666666667	17	stCNASim-rs_T	19:15661161	17	8	0.47058823529411764
0.025	0.024374999999999997	6.244997973418406	0.975	15	stCNASim-rs_T	19:15661168	15	6	0.4
0.016666666666666666	0.016388888888888894	7.681145701781734	0.9833333333333333	10	stCNASim-rs_T	19:15661423	10	8	0.8
0.058333333333333334	0.054930555555555545	4.017817453233808	0.9416666666666667	35	stCNASim-rs_T	19:15661567	35	15	0.42857142857142855
0.03666666666666667	0.035322222222222234	5.12569284384282	0.9633333333333334	22	stCNASim-rs_T	19:15661907	22	15	0.6818181818181818
0.056666666666666664	0.05345555555555556	4.080080730178643	0.9433333333333334	34	stCNASim-rs_T	19:15661928	34	24	0.7058823529411765
0.21666666666666667	0.24305555555555552	2.275415300141968	0.8133333333333334	130	stCNASim-rs_T	19:15662529	130	69	0.5307692307692308
0.05	0.05083333333333332	4.509249743804394	0.9516666666666667	30	stCNASim-rs_T	19:15912508	30	4	0.13333333333333333
0.058333333333333334	0.06493055555555555	4.368252807203182	0.9466666666666667	35	stCNASim-rs_T	19:15912567	35	24	0.6857142857142857
0.058333333333333334	0.06493055555555555	4.368252807203182	0.9466666666666667	35	stCNASim-rs_T	19:15912568	35	11	0.3142857142857143
0.058333333333333334	0.054930555555555545	4.017817453233808	0.9416666666666667	35	stCNASim-rs_T	19:16235011	35	27	0.7714285714285715
0.12	0.1256	2.9533408553171077	0.8883333333333333	72	stCNASim-rs_T	19:16518039	72	32	0.4444444444444444
1.3583333333333334	1.8565972222222225	1.0031190770406353	0.3016666666666667	815	stCNASim-rs_T	19:17403117	815	416	0.5104294478527608
0.05333333333333334	0.05715555555555555	4.482605260855391	0.95	32	stCNASim-rs_T	19:18013946	32	16	0.5
0.023333333333333334	0.022788888888888893	6.469709614686531	0.9766666666666667	14	stCNASim-rs_T	19:18196658	14	3	0.21428571428571427
0.13666666666666666	0.1413222222222222	2.750696194540939	0.875	82	stCNASim-rs_T	19:18388974	82	38	0.4634146341463415
0.145	0.13730833333333328	2.555526832360177	0.8616666666666667	87	stCNASim-rs_T	19:18389005	87	40	0.45977011494252873
0.17666666666666667	0.18212222222222224	2.4156102029722235	0.8416666666666667	106	stCNASim-rs_T	19:18389048	106	47	0.44339622641509435
0.021666666666666667	0.021197222222222218	6.719661132604933	0.9783333333333334	13	stCNASim-rs_T	19:18391268	13	5	0.38461538461538464
4.72	7.8882666666666665	0.5950436064675793	0.03	2832	stCNASim-rs_T	19:18575154	2832	1271	0.4487994350282486
0.32666666666666666	0.3799555555555556	1.8869551526001258	0.7416666666666667	196	stCNASim-rs_T	19:18592267	196	97	0.49489795918367346
0.03166666666666667	0.03066388888888889	5.5298234307517316	0.9683333333333334	19	stCNASim-rs_T	19:19176993	19	14	0.7368421052631579
0.018333333333333333	0.01799722222222222	7.317475928304944	0.9816666666666667	11	stCNASim-rs_T	19:19177092	11	7	0.6363636363636364
0.02666666666666667	0.029288888888888896	6.41774880243016	0.975	16	stCNASim-rs_T	19:19358487	16	12	0.75
0.03333333333333333	0.03555555555555555	5.656854232521816	0.9683333333333334	20	stCNASim-rs_T	19:29615752	20	12	0.6
0.021666666666666667	0.021197222222222218	6.719661132604933	0.9783333333333334	13	stCNASim-rs_T	19:32978621	13	5	0.38461538461538464
0.17	0.1677666666666667	2.409372317500024	0.8416666666666667	102	stCNASim-rs_T	19:35169767	102	42	0.4117647058823529
0.04666666666666667	0.04782222222222221	4.686062694774643	0.955	28	stCNASim-rs_T	19:35279389	28	11	0.39285714285714285
0.22833333333333333	0.23619722222222223	2.1284726593392516	0.7983333333333333	137	stCNASim-rs_T	19:35279568	137	66	0.48175182481751827
0.05333333333333334	0.06382222222222221	4.736823821492559	0.9533333333333334	32	stCNASim-rs_T	19:38328823	32	12	0.375
0.06666666666666667	0.07222222222222223	4.0311288681025825	0.9383333333333334	40	stCNASim-rs_T	19:38730543	40	14	0.35
0.16666666666666666	0.16555555555555554	2.441311121681954	0.8466666666666667	100	stCNASim-rs_T	19:38878729	100	41	0.41
0.03833333333333333	0.03686388888888889	5.008688090792904	0.9616666666666667	23	stCNASim-rs_T	19:39397750	23	15	0.6521739130434783
0.09666666666666666	0.10732222222222222	3.38897281166602	0.9116666666666666	58	stCNASim-rs_T	19:39400521	58	21	0.3620689655172414
0.018333333333333333	0.02466388888888889	8.566222299750649	0.985	11	stCNASim-rs_T	19:39539030	11	6	0.5454545454545454
0.051666666666666666	0.062330555555555556	4.832146076606139	0.9533333333333334	31	stCNASim-rs_T	19:40440938	31	17	0.5483870967741935
0.03333333333333333	0.03555555555555555	5.656854232521816	0.9683333333333334	20	stCNASim-rs_T	19:40441073	20	15	0.75
0.04	0.038400000000000004	4.898979473318907	0.96	24	stCNASim-rs_T	19:40591370	24	7	0.2916666666666667
0.06333333333333334	0.06598888888888887	4.056047767686444	0.94	38	stCNASim-rs_T	19:40629570	38	15	0.39473684210526316
1.3683333333333334	1.8959972222222223	1.0062987694095953	0.31	821	stCNASim-rs_T	19:41018248	821	345	0.42021924482338613
0.018333333333333333	0.01799722222222222	7.317475928304944	0.9816666666666667	11	stCNASim-rs_T	19:43731365	11	3	0.2727272727272727
0.021666666666666667	0.021197222222222218	6.719661132604933	0.9783333333333334	13	stCNASim-rs_T	19:43731383	13	2	0.15384615384615385
0.016666666666666666	0.01638888888888889	7.681145701781734	0.9833333333333333	10	stCNASim-rs_T	19:44888997	10	7	0.7
0.06833333333333333	0.07033055555555554	3.8809622378566133	0.935	41	stCNASim-rs_T	19:44903416	41	24	0.5853658536585366
0.035	0.033775	5.250850256280172	0.965	21	stCNASim-rs_T	19:44908684	21	14	0.6666666666666666
0.09666666666666666	0.09732222222222221	3.227225145932978	0.9083333333333333	58	stCNASim-rs_T	19:44949078	58	20	0.3448275862068966
0.023333333333333334	0.022788888888888893	6.469709614686531	0.9766666666666667	14	stCNASim-rs_T	19:45407414	14	8	0.5714285714285714
0.021666666666666667	0.024530555555555552	7.228723081393685	0.98	13	stCNASim-rs_T	19:45549196	13	7	0.5384615384615384
0.06333333333333334	0.06598888888888887	4.056047767686444	0.94	38	stCNASim-rs_T	19:46390553	38	20	0.5263157894736842
0.06666666666666667	0.06222222222222224	3.741657381161456	0.9333333333333333	40	stCNASim-rs_T	19:47275600	40	21	0.525
0.10666666666666667	0.10528888888888889	3.0420233780575923	0.8983333333333333	64	stCNASim-rs_T	19:47871158	64	15	0.234375
0.3	0.31333333333333335	1.8658728464610053	0.7466666666666667	180	stCNASim-rs_T	19:47871294	180	92	0.5111111111111111
0.3616666666666667	0.42419722222222217	1.8008412355783443	0.7166666666666667	217	stCNASim-rs_T	19:48382661	217	95	0.4377880184331797
0.085	0.087775	3.485511282258351	0.92	51	stCNASim-rs_T	19:49976502	51	26	0.5098039215686274
0.03833333333333333	0.04353055555555555	5.442776715148326	0.965	23	stCNASim-rs_T	19:49976742	23	13	0.5652173913043478
0.02	0.019599999999999992	6.999999964999999	0.98	12	stCNASim-rs_T	19:50482835	12	7	0.5833333333333334
0.13333333333333333	0.14555555555555558	2.8613807834188636	0.88	80	stCNASim-rs_T	19:51371696	80	44	0.55
0.08	0.08026666666666667	3.5414215557191864	0.9233333333333333	48	stCNASim-rs_T	19:54106385	48	10	0.20833333333333334
0.11333333333333333	0.11382222222222226	2.97684256887455	0.8933333333333333	68	stCNASim-rs_T	19:54106439	68	25	0.36764705882352944
0.15333333333333332	0.1364888888888889	2.4094175640803646	0.85	92	stCNASim-rs_T	19:55226779	92	39	0.42391304347826086
0.023333333333333334	0.022788888888888893	6.469709614686531	0.9766666666666667	14	stCNASim-rs_T	19:55227057	14	2	0.14285714285714285
0.09666666666666666	0.09398888888888889	3.171476619912615	0.9066666666666666	58	stCNASim-rs_T	19:55229837	58	22	0.3793103448275862
0.10666666666666667	0.10528888888888889	3.0420233780575923	0.8983333333333333	64	stCNASim-rs_T	19:56087463	64	37	0.578125
0.045	0.042975000000000006	4.606758310124511	0.955	27	stCNASim-rs_T	2:3189027	27	19	0.7037037037037037
1.395	1.7623083333333334	0.9516269654728287	0.2866666666666667	837	stCNASim-rs_T	2:3498537	837	329	0.3930704898446834
0.055	0.05530833333333335	4.275949776364016	0.9466666666666667	33	stCNASim-rs_T	2:3580793	33	24	0.7272727272727273
0.05	0.060833333333333336	4.932882852450481	0.9566666666666667	30	stCNASim-rs_T	2:10002174	30	8	0.26666666666666666
0.051666666666666666	0.06233055555555554	4.832146076606138	0.955	31	stCNASim-rs_T	2:10002203	31	9	0.2903225806451613
0.025	0.027708333333333335	6.65832809184608	0.9766666666666667	15	stCNASim-rs_T	2:11181754	15	6	0.4
0.04833333333333333	0.04599722222222222	4.437302681916048	0.9516666666666667	29	stCNASim-rs_T	2:20586415	29	22	0.7586206896551724
0.016666666666666666	0.016388888888888894	7.681145701781734	0.9833333333333333	10	stCNASim-rs_T	2:27100517	10	6	0.6
0.405	0.4609750000000001	1.6764232029857393	0.6866666666666666	243	stCNASim-rs_T	2:31334403	243	122	0.5020576131687243
0.43166666666666664	0.4886638888888889	1.6194092276981202	0.67	259	stCNASim-rs_T	2:31334442	259	125	0.4826254826254826
0.38666666666666666	0.4271555555555555	1.6902708233625108	0.6883333333333334	232	stCNASim-rs_T	2:31334481	232	112	0.4827586206896552
0.03333333333333333	0.032222222222222215	5.385164790979009	0.9666666666666667	20	stCNASim-rs_T	2:31335440	20	11	0.55
0.045	0.04964166666666668	4.951202195752884	0.9583333333333334	27	stCNASim-rs_T	2:39249341	27	15	0.5555555555555556
0.13666666666666666	0.16465555555555553	2.969105243644421	0.8866666666666667	82	stCNASim-rs_T	2:42767344	82	37	0.45121951219512196
0.09166666666666666	0.12659722222222225	3.8815094576218434	0.9266666666666666	55	stCNASim-rs_T	2:44318877	55	24	0.43636363636363634
0.125	0.13270833333333334	2.91433239692112	0.885	75	stCNASim-rs_T	2:44320770	75	31	0.41333333333333333
0.02	0.019599999999999996	6.999999964999999	0.98	12	stCNASim-rs_T	2:46624894	12	6	0.5
0.023333333333333334	0.022788888888888893	6.469709614686531	0.9766666666666667	14	stCNASim-rs_T	2:53971158	14	5	0.35714285714285715
0.041666666666666664	0.04326388888888891	4.991993577758691	0.96	25	stCNASim-rs_T	2:55548588	25	17	0.68
0.018333333333333333	0.017997222222222223	7.317475928304944	0.9816666666666667	11	stCNASim-rs_T	2:69643169	11	10	0.9090909090909091
0.075	0.079375	3.756475884852914	0.9283333333333333	45	stCNASim-rs_T	2:73729997	45	28	0.6222222222222222
0.10166666666666667	0.09799722222222222	3.079131933125957	0.9016666666666666	61	stCNASim-rs_T	2:73958749	61	28	0.45901639344262296
0.205	0.23964166666666667	2.3879614111121263	0.8283333333333334	123	stCNASim-rs_T	2:74969604	123	71	0.5772357723577236
0.055	0.051975000000000014	4.145095670710008	0.945	33	stCNASim-rs_T	2:87756945	33	9	0.2727272727272727
0.051666666666666666	0.055663888888888874	4.566424988121809	0.9516666666666667	31	stCNASim-rs_T	2:88027302	31	20	0.6451612903225806
0.455	1.8479750000000001	2.987697674621916	0.82	273	stCNASim-rs_T	2:88857435	273	91	0.3333333333333333
0.035	0.037108333333333327	5.50386380951624	0.9666666666666667	21	stCNASim-rs_T	2:97739787	21	8	0.38095238095238093
0.05	0.057499999999999975	4.795831513721055	0.955	30	stCNASim-rs_T	2:97756543	30	7	0.23333333333333334
0.05	0.05416666666666667	4.65474667194682	0.9533333333333334	30	stCNASim-rs_T	2:99361585	30	12	0.4
0.095	0.09264166666666665	3.2039045858443775	0.9083333333333333	57	stCNASim-rs_T	2:105099808	57	22	0.38596491228070173
0.145	0.15397499999999997	2.7061826406486227	0.8683333333333333	87	stCNASim-rs_T	2:113133835	87	24	0.27586206896551724
0.025	0.024375	6.244997973418406	0.975	15	stCNASim-rs_T	2:121338064	15	9	0.6
0.02	0.026266666666666664	8.103497146911325	0.9833333333333333	12	stCNASim-rs_T	2:128192319	12	6	0.5
0.135	0.14010833333333336	2.7726701993449474	0.8766666666666667	81	stCNASim-rs_T	2:130346476	81	28	0.345679012345679
0.17	0.1811	2.5032850374631512	0.8466666666666667	102	stCNASim-rs_T	2:135784989	102	26	0.2549019607843137
0.17	0.1811	2.5032850374631512	0.8466666666666667	102	stCNASim-rs_T	2:135784990	102	26	0.2549019607843137
0.08166666666666667	0.0849972222222222	3.5699122101644756	0.9233333333333333	49	stCNASim-rs_T	2:138014348	49	23	0.46938775510204084
0.03	0.0291	5.686240684123191	0.97	18	stCNASim-rs_T	2:138016068	18	2	0.1111111111111111
0.04833333333333333	0.04933055555555555	4.595272337473194	0.9533333333333334	29	stCNASim-rs_T	2:138016182	29	12	0.41379310344827586
0.025	0.024374999999999997	6.244997973418406	0.975	15	stCNASim-rs_T	2:138573096	15	11	0.7333333333333333
0.025	0.027708333333333328	6.658328091846079	0.9766666666666667	15	stCNASim-rs_T	2:159235894	15	4	0.26666666666666666
0.021666666666666667	0.024530555555555552	7.228723081393685	0.98	13	stCNASim-rs_T	2:168864871	13	5	0.38461538461538464
0.02	0.019599999999999992	6.999999964999999	0.98	12	stCNASim-rs_T	2:174434179	12	6	0.5
0.04	0.038400000000000004	4.898979473318907	0.96	24	stCNASim-rs_T	2:177220409	24	12	0.5
0.03833333333333333	0.04019722222222222	5.230237793915849	0.9633333333333334	23	stCNASim-rs_T	2:189770417	23	6	0.2608695652173913
0.02	0.02293333333333333	7.5718777565409745	0.9816666666666667	12	stCNASim-rs_T	2:189771313	12	1	0.08333333333333333
0.17666666666666667	0.23545555555555553	2.7466280810470796	0.8583333333333333	106	stCNASim-rs_T	2:190204708	106	38	0.3584905660377358
0.17333333333333334	0.19328888888888887	2.5364210898901485	0.85	104	stCNASim-rs_T	2:190204750	104	37	0.3557692307692308
0.075	0.08270833333333333	3.8345408674955896	0.9316666666666666	45	stCNASim-rs_T	2:190204963	45	15	0.3333333333333333
0.13666666666666666	0.12798888888888887	2.6177220552537888	0.8683333333333333	82	stCNASim-rs_T	2:191425212	82	55	0.6707317073170732
0.05	0.04749999999999999	4.358898934822874	0.95	30	stCNASim-rs_T	2:203434060	30	18	0.6
0.065	0.070775	4.092857099679613	0.94	39	stCNASim-rs_T	2:206114956	39	19	0.48717948717948717
0.13166666666666665	0.12099722222222226	2.64187252827794	0.8716666666666667	79	stCNASim-rs_T	2:210678677	79	36	0.45569620253164556
0.07	0.0751	3.914911310420047	0.9333333333333333	42	stCNASim-rs_T	2:216206043	42	14	0.3333333333333333
0.20666666666666667	0.2272888888888889	2.3068463445329614	0.8166666666666667	124	stCNASim-rs_T	2:217799910	124	55	0.4435483870967742
0.045	0.04964166666666668	4.951202195752884	0.9583333333333334	27	stCNASim-rs_T	2:235055489	27	13	0.48148148148148145
0.03666666666666667	0.035322222222222234	5.12569284384282	0.9633333333333334	22	stCNASim-rs_T	2:237324109	22	12	0.5454545454545454
0.03	0.0291	5.686240684123191	0.97	18	stCNASim-rs_T	2:237553681	18	10	0.5555555555555556
0.2633333333333333	0.3073222222222223	2.105189259914603	0.7833333333333333	158	stCNASim-rs_T	2:237574521	158	67	0.4240506329113924
0.135	0.15010833333333334	2.8699123468349703	0.8816666666666667	81	stCNASim-rs_T	2:237574619	81	34	0.41975308641975306
0.1	0.1	3.162277657006102	0.905	60	stCNASim-rs_T	2:237574688	60	25	0.4166666666666667
2.475	3.7760416666666665	0.7851329168949454	0.11666666666666667	1485	stCNASim-rs_T	2:240878862	1485	587	0.3952861952861953
1.35	1.7108333333333334	0.9688802052730916	0.2916666666666667	810	stCNASim-rs_T	2:240879110	810	353	0.43580246913580245
0.058333333333333334	0.05826388888888888	4.137928095180762	0.9433333333333334	35	stCNASim-rs_T	2:240880379	35	25	0.7142857142857143
0.021666666666666667	0.021197222222222218	6.719661132604933	0.9783333333333334	13	stCNASim-rs_T	2:240981558	13	7	0.5384615384615384
0.02	0.019599999999999992	6.999999964999999	0.98	12	stCNASim-rs_T	2:240981657	12	3	0.25
0.02	0.019599999999999996	6.999999964999999	0.98	12	stCNASim-rs_T	2:241095731	12	8	0.6666666666666666
0.11666666666666667	0.10972222222222222	2.839229556759488	0.8866666666666667	70	stCNASim-rs_T	2:241182976	70	38	0.5428571428571428
0.175	0.204375	2.5833059013845574	0.8483333333333334	105	stCNASim-rs_T	2:241495187	105	55	0.5238095238095238
0.02666666666666667	0.025955555555555558	6.041522964141575	0.9733333333333334	16	stCNASim-rs_T	2:241495394	16	5	0.3125
0.043333333333333335	0.04812222222222222	5.062333337170891	0.96	26	stCNASim-rs_T	2:241573734	26	11	0.4230769230769231
0.2783333333333333	0.2941972222222222	1.9487407331705298	0.7616666666666667	167	stCNASim-rs_T	2:241672519	167	82	0.49101796407185627
0.065	0.06410833333333334	3.8953266837373164	0.9366666666666666	39	stCNASim-rs_T	2:241673674	39	11	0.28205128205128205
0.065	0.070775	4.092857099679613	0.94	39	stCNASim-rs_T	2:241673718	39	15	0.38461538461538464
0.03	0.0291	5.686240684123191	0.97	18	stCNASim-rs_T	2:241675757	18	7	0.3888888888888889
0.02666666666666667	0.025955555555555558	6.041522964141575	0.9733333333333334	16	stCNASim-rs_T	2:241676047	16	6	0.375
0.06	0.06306666666666667	4.185512926765782	0.9433333333333334	36	stCNASim-rs_T	2:241768418	36	12	0.3333333333333333
0.26	0.28906666666666664	2.067881553425784	0.7833333333333333	156	stCNASim-rs_T	2:241768747	156	64	0.41025641025641024
0.18	0.21093333333333333	2.5515266133454237	0.85	108	stCNASim-rs_T	2:241768770	108	34	0.3148148148148148
0.016666666666666666	0.01638888888888889	7.681145701781734	0.9833333333333333	10	stCNASim-rs_T	20:435505	10	3	0.3
0.025	0.024374999999999997	6.244997973418406	0.975	15	stCNASim-rs_T	20:436312	15	6	0.4
0.056666666666666664	0.05345555555555556	4.080080730178643	0.9433333333333334	34	stCNASim-rs_T	20:3687178	34	12	0.35294117647058826
0.02	0.02293333333333333	7.5718777565409745	0.9816666666666667	12	stCNASim-rs_T	20:3874335	12	1	0.08333333333333333
0.03666666666666667	0.035322222222222234	5.12569284384282	0.9633333333333334	22	stCNASim-rs_T	20:5546530	22	19	0.8636363636363636
0.195	0.20030833333333328	2.2951702033625714	0.8266666666666667	117	stCNASim-rs_T	20:7883352	117	61	0.5213675213675214
0.10333333333333333	0.13265555555555555	3.5247010008750346	0.91	62	stCNASim-rs_T	20:7981481	62	38	0.6129032258064516
0.056666666666666664	0.056788888888888896	4.205368122394087	0.945	34	stCNASim-rs_T	20:10405365	34	22	0.6470588235294118
0.03833333333333333	0.03686388888888889	5.008688090792904	0.9616666666666667	23	stCNASim-rs_T	20:10405411	23	12	0.5217391304347826
0.051666666666666666	0.05233055555555555	4.427588271890786	0.95	31	stCNASim-rs_T	20:13168981	31	26	0.8387096774193549
0.018333333333333333	0.01799722222222222	7.317475928304944	0.9816666666666667	11	stCNASim-rs_T	20:17990910	11	4	0.36363636363636365
0.025	0.024374999999999997	6.244997973418406	0.975	15	stCNASim-rs_T	20:21389808	15	6	0.4
0.03833333333333333	0.03686388888888889	5.008688090792904	0.9616666666666667	23	stCNASim-rs_T	20:25226438	23	8	0.34782608695652173
0.04	0.03840000000000001	4.898979473318908	0.96	24	stCNASim-rs_T	20:25297964	24	9	0.375
0.05	0.05416666666666667	4.65474667194682	0.9533333333333334	30	stCNASim-rs_T	20:25452900	30	16	0.5333333333333333
0.12666666666666668	0.13062222222222222	2.8532918226799904	0.8833333333333333	76	stCNASim-rs_T	20:35002555	76	36	0.47368421052631576
0.11833333333333333	0.13099722222222224	3.058608876650343	0.8933333333333333	71	stCNASim-rs_T	20:35002614	71	37	0.5211267605633803
0.21333333333333335	0.21448888888888887	2.170919303102182	0.8066666666666666	128	stCNASim-rs_T	20:35278950	128	69	0.5390625
0.07833333333333334	0.07886388888888889	3.5850274584097663	0.925	47	stCNASim-rs_T	20:36045977	47	16	0.3404255319148936
0.016666666666666666	0.016388888888888894	7.681145701781734	0.9833333333333333	10	stCNASim-rs_T	20:36232725	10	3	0.3
0.03666666666666667	0.03865555555555556	5.362095295579241	0.965	22	stCNASim-rs_T	20:36528445	22	16	0.7272727272727273
0.47833333333333333	0.5128638888888889	1.4971675796673345	0.625	287	stCNASim-rs_T	20:37236651	287	134	0.46689895470383275
0.035	0.043775	5.977850255179763	0.97	21	stCNASim-rs_T	20:37316940	21	14	0.6666666666666666
0.056666666666666664	0.06345555555555556	4.445362258016202	0.9483333333333334	34	stCNASim-rs_T	20:37316993	34	22	0.6470588235294118
0.016666666666666666	0.016388888888888894	7.681145701781734	0.9833333333333333	10	stCNASim-rs_T	20:44907814	10	5	0.5
1.5316666666666667	2.055663888888889	0.9360774696833417	0.27166666666666667	919	stCNASim-rs_T	20:45325418	919	491	0.5342763873775843
0.028333333333333332	0.02753055555555556	5.856117946642017	0.9716666666666667	17	stCNASim-rs_T	20:45325763	17	7	0.4117647058823529
0.023333333333333334	0.022788888888888893	6.469709614686531	0.9766666666666667	14	stCNASim-rs_T	20:45325767	14	6	0.42857142857142855
0.018333333333333333	0.017997222222222223	7.317475928304944	0.9816666666666667	11	stCNASim-rs_T	20:45367240	11	7	0.6363636363636364
0.023333333333333334	0.022788888888888893	6.469709614686531	0.9766666666666667	14	stCNASim-rs_T	20:46686707	14	11	0.7857142857142857
0.07666666666666666	0.07078888888888889	3.47037148291819	0.9233333333333333	46	stCNASim-rs_T	20:49096526	46	16	0.34782608695652173
0.02666666666666667	0.025955555555555558	6.041522964141575	0.9733333333333334	16	stCNASim-rs_T	20:51597010	16	4	0.25
0.05	0.054166666666666655	4.654746671946819	0.9533333333333334	30	stCNASim-rs_T	20:56404115	30	7	0.23333333333333334
0.15666666666666668	0.15545555555555557	2.516671436825269	0.855	94	stCNASim-rs_T	20:56518845	94	46	0.48936170212765956
0.5516666666666666	0.6206638888888889	1.4280765758278988	0.5933333333333334	331	stCNASim-rs_T	20:57566163	331	72	0.2175226586102719
0.07666666666666666	0.07745555555555556	3.63010932720189	0.9266666666666666	46	stCNASim-rs_T	20:58715649	46	28	0.6086956521739131
0.07833333333333334	0.07553055555555556	3.508445474445894	0.9233333333333333	47	stCNASim-rs_T	20:58715790	47	28	0.5957446808510638
0.04	0.03840000000000001	4.898979473318908	0.96	24	stCNASim-rs_T	20:58994761	24	11	0.4583333333333333
0.055	0.051975	4.145095670710007	0.945	33	stCNASim-rs_T	20:62388438	33	6	0.18181818181818182
0.058333333333333334	0.05826388888888888	4.137928095180762	0.9433333333333334	35	stCNASim-rs_T	20:62945425	35	21	0.6
0.03333333333333333	0.03888888888888889	5.916079765351377	0.97	20	stCNASim-rs_T	20:62969425	20	6	0.3
0.11833333333333333	0.13099722222222226	3.0586088766503434	0.8933333333333333	71	stCNASim-rs_T	21:17569905	71	40	0.5633802816901409
0.058333333333333334	0.06159722222222221	4.254649310373581	0.945	35	stCNASim-rs_T	21:29345880	35	17	0.4857142857142857
0.095	0.09597499999999999	3.2610349596535775	0.91	57	stCNASim-rs_T	21:34142817	57	36	0.631578947368421
0.13333333333333333	0.12888888888888891	2.6925824015478153	0.8733333333333333	80	stCNASim-rs_T	21:37065463	80	36	0.45
0.15	0.15749999999999995	2.645751309300756	0.8633333333333333	90	stCNASim-rs_T	21:38823540	90	28	0.3111111111111111
0.12666666666666668	0.1306222222222222	2.8532918226799904	0.8833333333333333	76	stCNASim-rs_T	21:39342552	76	30	0.39473684210526316
0.018333333333333333	0.01799722222222222	7.317475928304944	0.9816666666666667	11	stCNASim-rs_T	21:41885354	11	2	0.18181818181818182
0.17833333333333334	0.18653055555555553	2.42182336219007	0.8383333333333334	107	stCNASim-rs_T	21:43756077	107	50	0.4672897196261682
0.04833333333333333	0.04933055555555555	4.595272337473194	0.9533333333333334	29	stCNASim-rs_T	21:43762120	29	17	0.5862068965517241
0.055	0.05864166666666667	4.402916631124886	0.9483333333333334	33	stCNASim-rs_T	21:43762183	33	11	0.3333333333333333
0.18	0.20760000000000003	2.531285720792512	0.8483333333333334	108	stCNASim-rs_T	21:44849838	108	59	0.5462962962962963
0.03833333333333333	0.03686388888888889	5.008688090792904	0.9616666666666667	23	stCNASim-rs_T	21:46129596	23	10	0.43478260869565216
0.041666666666666664	0.039930555555555566	4.795831511802724	0.9583333333333334	25	stCNASim-rs_T	21:46129655	25	12	0.48
0.058333333333333334	0.05826388888888888	4.137928095180762	0.9433333333333334	35	stCNASim-rs_T	21:46129715	35	13	0.37142857142857144
0.4583333333333333	0.5015972222222222	1.5452406265690102	0.6366666666666667	275	stCNASim-rs_T	21:46132710	275	134	0.48727272727272725
6.573333333333333	14.981288888888887	0.5888286508590417	0.008333333333333333	3944	stCNASim-rs_T	21:46136879	3944	1613	0.4089756592292089
5.651666666666666	11.953663888888888	0.6117500038019834	0.011666666666666667	3391	stCNASim-rs_T	21:46136895	3391	1740	0.5131229725744618
0.59	0.6319	1.3473243722467043	0.5633333333333334	354	stCNASim-rs_T	21:46137308	354	157	0.4435028248587571
0.16166666666666665	0.17219722222222222	2.566803285721279	0.855	97	stCNASim-rs_T	21:46138559	97	44	0.4536082474226804
0.03	0.032433333333333335	6.003085606318647	0.9716666666666667	18	stCNASim-rs_T	21:46188666	18	10	0.5555555555555556
0.06	0.06306666666666667	4.185512926765782	0.9433333333333334	36	stCNASim-rs_T	21:46635690	36	22	0.6111111111111112
0.016666666666666666	0.016388888888888887	7.681145701781733	0.9833333333333333	10	stCNASim-rs_T	21:46664908	10	6	0.6
0.18166666666666667	0.17533055555555557	2.3049077950431047	0.83	109	stCNASim-rs_T	22:19523195	109	55	0.5045871559633027
0.04833333333333333	0.04933055555555555	4.595272337473194	0.9533333333333334	29	stCNASim-rs_T	22:19523349	29	17	0.5862068965517241
0.03	0.03243333333333333	6.003085606318647	0.9716666666666667	18	stCNASim-rs_T	22:20889399	18	10	0.5555555555555556
0.8216666666666667	2.049863888888889	1.7424761541207936	0.58	493	stCNASim-rs_T	22:22901301	493	355	0.7200811359026369
0.05333333333333334	0.05048888888888888	4.213074878688663	0.9466666666666667	32	stCNASim-rs_T	22:29259427	32	11	0.34375
0.03833333333333333	0.03686388888888889	5.008688090792904	0.9616666666666667	23	stCNASim-rs_T	22:30027755	23	13	0.5652173913043478
0.38166666666666665	0.5059972222222222	1.863759346000054	0.715	229	stCNASim-rs_T	22:30423640	229	117	0.5109170305676856
0.4683333333333333	0.5623305555555556	1.6011822669791103	0.655	281	stCNASim-rs_T	22:30423770	281	128	0.4555160142348754
0.043333333333333335	0.04145555555555556	4.698608621180273	0.9566666666666667	26	stCNASim-rs_T	22:31206786	26	11	0.4230769230769231
0.13166666666666665	0.1243305555555556	2.6780155589695416	0.8733333333333333	79	stCNASim-rs_T	22:35666124	79	32	0.4050632911392405
0.06	0.05973333333333334	4.073400610949524	0.9416666666666667	36	stCNASim-rs_T	22:35668367	36	11	0.3055555555555556
0.06166666666666667	0.06786388888888889	4.224437577009328	0.9433333333333334	37	stCNASim-rs_T	22:37633288	37	19	0.5135135135135135
0.05	0.04749999999999999	4.358898934822874	0.95	30	stCNASim-rs_T	22:37655992	30	13	0.43333333333333335
0.025	0.024374999999999997	6.244997973418406	0.975	15	stCNASim-rs_T	22:38216204	15	11	0.7333333333333333
0.058333333333333334	0.06826388888888889	4.478975822776294	0.9483333333333334	35	stCNASim-rs_T	22:38216365	35	24	0.6857142857142857
0.025	0.024374999999999997	6.244997973418406	0.975	15	stCNASim-rs_T	22:38219529	15	1	0.06666666666666667
0.2866666666666667	0.30448888888888886	1.924901575763432	0.7566666666666667	172	stCNASim-rs_T	22:38483683	172	97	0.563953488372093
0.07333333333333333	0.07795555555555557	3.807343920512154	0.9316666666666666	44	stCNASim-rs_T	22:38684240	44	9	0.20454545454545456
0.5166666666666667	0.5997222222222223	1.498872277837501	0.6183333333333333	310	stCNASim-rs_T	22:38734838	310	169	0.5451612903225806
0.36	0.4670666666666667	1.8983965505179377	0.725	216	stCNASim-rs_T	22:38734959	216	107	0.49537037037037035
0.3433333333333333	0.4454555555555557	1.9439550553206726	0.7366666666666667	206	stCNASim-rs_T	22:38734966	206	104	0.5048543689320388
0.24	0.21906666666666666	1.9501899234616542	0.7783333333333333	144	stCNASim-rs_T	22:40824752	144	77	0.5347222222222222
0.035	0.033775	5.250850256280172	0.965	21	stCNASim-rs_T	22:43162920	21	6	0.2857142857142857
0.095	0.08930833333333332	3.1457368266125596	0.9066666666666666	57	stCNASim-rs_T	22:43162966	57	32	0.5614035087719298
0.35333333333333333	0.4318222222222223	1.8598070229229386	0.7283333333333334	212	stCNASim-rs_T	22:43163131	212	85	0.4009433962264151
0.12666666666666668	0.1206222222222222	2.7418981615471547	0.8783333333333333	76	stCNASim-rs_T	22:43166699	76	41	0.5394736842105263
0.05333333333333334	0.05048888888888888	4.213074878688663	0.9466666666666667	32	stCNASim-rs_T	22:43947089	32	13	0.40625
0.06166666666666667	0.0678638888888889	4.224437577009329	0.9433333333333334	37	stCNASim-rs_T	22:43947271	37	15	0.40540540540540543
0.025	0.027708333333333335	6.65832809184608	0.9766666666666667	15	stCNASim-rs_T	22:45187725	15	12	0.8
0.07666666666666666	0.08078888888888888	3.7073982085057082	0.9283333333333333	46	stCNASim-rs_T	22:45187859	46	28	0.6086956521739131
0.11333333333333333	0.11715555555555554	3.0201170921571756	0.895	68	stCNASim-rs_T	22:45187922	68	43	0.6323529411764706
0.07166666666666667	0.07653055555555556	3.8601148568419075	0.9333333333333333	43	stCNASim-rs_T	22:49963768	43	19	0.4418604651162791
0.043333333333333335	0.051455555555555546	5.234726997411886	0.9616666666666667	26	stCNASim-rs_T	22:50199168	26	15	0.5769230769230769
0.115	0.13844166666666666	3.2354565266428366	0.9016666666666666	69	stCNASim-rs_T	22:50199493	69	38	0.5507246376811594
0.09333333333333334	0.10128888888888887	3.4099194998550892	0.915	56	stCNASim-rs_T	22:50523425	56	23	0.4107142857142857
1.25	1.5075	0.9822423325461146	0.31166666666666665	750	stCNASim-rs_T	22:50525807	750	430	0.5733333333333334
0.04833333333333333	0.04933055555555555	4.595272337473194	0.9533333333333334	29	stCNASim-rs_T	22:50578965	29	13	0.4482758620689655
0.11833333333333333	0.11099722222222223	2.8154573739715185	0.885	71	stCNASim-rs_T	22:50579047	71	39	0.5492957746478874
0.07166666666666667	0.06986388888888889	3.6881550663305513	0.93	43	stCNASim-rs_T	22:50579085	43	16	0.37209302325581395
0.03333333333333333	0.03555555555555555	5.656854232521816	0.9683333333333334	20	stCNASim-rs_T	3:4361469	20	9	0.45
0.043333333333333335	0.04478888888888889	4.883858197760319	0.9583333333333334	26	stCNASim-rs_T	3:9780230	26	7	0.2692307692307692
0.03333333333333333	0.032222222222222215	5.385164790979009	0.9666666666666667	20	stCNASim-rs_T	3:12898047	20	8	0.4
0.06166666666666667	0.07453055555555556	4.427073219653122	0.9466666666666667	37	stCNASim-rs_T	3:13316486	37	25	0.6756756756756757
0.028333333333333332	0.02753055555555556	5.856117946642017	0.9716666666666667	17	stCNASim-rs_T	3:15264363	17	8	0.47058823529411764
0.03833333333333333	0.03686388888888889	5.008688090792904	0.9616666666666667	23	stCNASim-rs_T	3:15264388	23	12	0.5217391304347826
0.03	0.0291	5.686240684123191	0.97	18	stCNASim-rs_T	3:16260452	18	8	0.4444444444444444
0.021666666666666667	0.021197222222222218	6.719661132604933	0.9783333333333334	13	stCNASim-rs_T	3:32996691	13	5	0.38461538461538464
0.03	0.0291	5.686240684123191	0.97	18	stCNASim-rs_T	3:33144864	18	10	0.5555555555555556
0.07	0.0651	3.6449573725566538	0.93	42	stCNASim-rs_T	3:37053188	42	28	0.6666666666666666
0.03833333333333333	0.03686388888888889	5.008688090792904	0.9616666666666667	23	stCNASim-rs_T	3:39096591	23	14	0.6086956521739131
0.023333333333333334	0.022788888888888893	6.469709614686531	0.9766666666666667	14	stCNASim-rs_T	3:39396830	14	7	0.5
0.09333333333333334	0.10795555555555554	3.520349004900085	0.915	56	stCNASim-rs_T	3:42537370	56	34	0.6071428571428571
0.02666666666666667	0.025955555555555558	6.041522964141575	0.9733333333333334	16	stCNASim-rs_T	3:42638508	16	11	0.6875
0.02666666666666667	0.025955555555555558	6.041522964141575	0.9733333333333334	16	stCNASim-rs_T	3:43719642	16	6	0.375
0.03	0.0291	5.686240684123191	0.97	18	stCNASim-rs_T	3:46670360	18	10	0.5555555555555556
0.05333333333333334	0.05048888888888888	4.213074878688663	0.9466666666666667	32	stCNASim-rs_T	3:50354037	32	20	0.625
0.7166666666666667	0.9830555555555555	1.383476624712617	0.5383333333333333	430	stCNASim-rs_T	3:52791569	430	182	0.4232558139534884
0.14166666666666666	0.14826388888888892	2.7180035397632736	0.8716666666666667	85	stCNASim-rs_T	3:52820455	85	57	0.6705882352941176
0.11	0.11123333333333335	3.031969236131938	0.8966666666666666	66	stCNASim-rs_T	3:52820519	66	36	0.5454545454545454
0.018333333333333333	0.017997222222222223	7.317475928304944	0.9816666666666667	11	stCNASim-rs_T	3:52847349	11	10	0.9090909090909091
0.02	0.02293333333333333	7.5718777565409745	0.9816666666666667	12	stCNASim-rs_T	3:53091569	12	10	0.8333333333333334
0.09	0.0919	3.3683347498627656	0.915	54	stCNASim-rs_T	3:53816448	54	19	0.35185185185185186
0.045	0.049641666666666674	4.951202195752884	0.9583333333333334	27	stCNASim-rs_T	3:56620294	27	19	0.7037037037037037
0.025	0.024374999999999994	6.244997973418404	0.975	15	stCNASim-rs_T	3:58294362	15	6	0.4
0.11833333333333333	0.1176638888888889	2.898774954449176	0.8883333333333333	71	stCNASim-rs_T	3:58294584	71	31	0.43661971830985913
0.14166666666666666	0.1382638888888889	2.6247425295970177	0.8666666666666667	85	stCNASim-rs_T	3:58294679	85	41	0.4823529411764706
0.085	0.08444166666666669	3.418688035612723	0.9183333333333333	51	stCNASim-rs_T	3:58427678	51	28	0.5490196078431373
0.23833333333333334	0.2381972222222222	2.0477812351644995	0.79	143	stCNASim-rs_T	3:58427738	143	82	0.5734265734265734
0.058333333333333334	0.06826388888888889	4.478975822776294	0.9466666666666667	35	stCNASim-rs_T	3:58427935	35	28	0.8
0.028333333333333332	0.02753055555555556	5.856117946642017	0.9716666666666667	17	stCNASim-rs_T	3:67375539	17	8	0.47058823529411764
0.02666666666666667	0.025955555555555555	6.041522964141574	0.9733333333333334	16	stCNASim-rs_T	3:67375559	16	7	0.4375
0.07166666666666667	0.07653055555555556	3.8601148568419075	0.9333333333333333	43	stCNASim-rs_T	3:87255411	43	21	0.4883720930232558
0.075	0.08270833333333336	3.8345408674955905	0.9316666666666666	45	stCNASim-rs_T	3:93874275	45	22	0.4888888888888889
0.06333333333333334	0.06932222222222223	4.157228454376524	0.94	38	stCNASim-rs_T	3:98579756	38	16	0.42105263157894735
0.056666666666666664	0.056788888888888896	4.205368122394087	0.945	34	stCNASim-rs_T	3:98795197	34	24	0.7058823529411765
0.018333333333333333	0.017997222222222223	7.317475928304944	0.9816666666666667	11	stCNASim-rs_T	3:98796317	11	4	0.36363636363636365
0.056666666666666664	0.05345555555555556	4.080080730178643	0.9433333333333334	34	stCNASim-rs_T	3:105576617	34	20	0.5882352941176471
0.06666666666666667	0.06555555555555556	3.8405728681734455	0.935	40	stCNASim-rs_T	3:119629739	40	27	0.675
0.045	0.04630833333333334	4.782082460138543	0.9566666666666667	27	stCNASim-rs_T	3:122574926	27	13	0.48148148148148145
0.045	0.04630833333333334	4.782082460138543	0.9566666666666667	27	stCNASim-rs_T	3:126437817	27	13	0.48148148148148145
0.07333333333333333	0.07462222222222223	3.7250547673836305	0.93	44	stCNASim-rs_T	3:126481303	44	20	0.45454545454545453
0.085	0.09777500000000003	3.6787051989084816	0.9233333333333333	51	stCNASim-rs_T	3:126481448	51	19	0.37254901960784315
0.02666666666666667	0.025955555555555555	6.041522964141574	0.9733333333333334	16	stCNASim-rs_T	3:126481560	16	6	0.375
0.22666666666666666	0.23195555555555553	2.1247837250810675	0.7983333333333333	136	stCNASim-rs_T	3:126543249	136	71	0.5220588235294118
0.04	0.03840000000000001	4.898979473318908	0.96	24	stCNASim-rs_T	3:129555520	24	10	0.4166666666666667
0.05	0.050833333333333314	4.509249743804394	0.9516666666666667	30	stCNASim-rs_T	3:132538903	30	21	0.7
0.035	0.033775	5.250850256280172	0.965	21	stCNASim-rs_T	3:132676967	21	12	0.5714285714285714
0.43333333333333335	0.48222222222222216	1.6025128193224707	0.6683333333333333	260	stCNASim-rs_T	3:133775510	260	116	0.4461538461538462
0.02666666666666667	0.025955555555555558	6.041522964141575	0.9733333333333334	16	stCNASim-rs_T	3:134355888	16	5	0.3125
0.03166666666666667	0.030663888888888893	5.5298234307517316	0.9683333333333334	19	stCNASim-rs_T	3:138494450	19	8	0.42105263157894735
0.03	0.0291	5.686240684123191	0.97	18	stCNASim-rs_T	3:143060452	18	5	0.2777777777777778
0.25833333333333336	0.3082638888888889	2.1492200256344853	0.7933333333333333	155	stCNASim-rs_T	3:148742913	155	66	0.4258064516129032
0.05333333333333334	0.053822222222222216	4.349928152170213	0.9483333333333334	32	stCNASim-rs_T	3:149027449	32	16	0.5
0.6466666666666666	0.8451555555555555	1.4216341586204237	0.5716666666666667	388	stCNASim-rs_T	3:149172945	388	203	0.5231958762886598
0.14666666666666667	0.16848888888888888	2.7986862306121947	0.8716666666666667	88	stCNASim-rs_T	3:150542155	88	43	0.48863636363636365
0.07166666666666667	0.07319722222222223	3.7751142036573766	0.9316666666666666	43	stCNASim-rs_T	3:172505586	43	16	0.37209302325581395
0.22833333333333333	0.2395305555555556	2.1434390763016546	0.8	137	stCNASim-rs_T	3:172505830	137	47	0.34306569343065696
0.23333333333333334	0.2322222222222222	2.0652617555150248	0.79	140	stCNASim-rs_T	3:172505837	140	45	0.32142857142857145
0.22333333333333333	0.22345555555555555	2.116615782489042	0.8016666666666666	134	stCNASim-rs_T	3:172505900	134	69	0.5149253731343284
0.02	0.019599999999999992	6.999999964999999	0.98	12	stCNASim-rs_T	3:177021010	12	5	0.4166666666666667
0.03666666666666667	0.035322222222222234	5.12569284384282	0.9633333333333334	22	stCNASim-rs_T	3:179394877	22	7	0.3181818181818182
0.02	0.029599999999999998	8.602325224031	0.985	12	stCNASim-rs_T	3:183920057	12	11	0.9166666666666666
0.05	0.05749999999999999	4.795831513721056	0.9533333333333334	30	stCNASim-rs_T	3:184372478	30	19	0.6333333333333333
0.016666666666666666	0.016388888888888887	7.681145701781733	0.9833333333333333	10	stCNASim-rs_T	3:185488929	10	7	0.7
2.0116666666666667	2.848197222222222	0.8389363448401741	0.18166666666666667	1207	stCNASim-rs_T	3:186743560	1207	409	0.3388566694283347
0.07	0.0751	3.914911310420047	0.935	42	stCNASim-rs_T	3:187217525	42	19	0.4523809523809524
0.06333333333333334	0.06598888888888887	4.056047767686444	0.94	38	stCNASim-rs_T	3:187217538	38	19	0.5
0.6683333333333333	0.7716638888888889	1.3143800733144837	0.54	401	stCNASim-rs_T	3:190305763	401	180	0.4488778054862843
0.15	0.15416666666666665	2.617604218119318	0.8633333333333333	90	stCNASim-rs_T	3:190306048	90	38	0.4222222222222222
0.06	0.0664	4.29469956841721	0.945	36	stCNASim-rs_T	3:190306399	36	21	0.5833333333333334
0.115	0.11177500000000001	2.9071972458901127	0.89	69	stCNASim-rs_T	3:190308016	69	12	0.17391304347826086
0.028333333333333332	0.030863888888888896	6.2005134070188745	0.9733333333333334	17	stCNASim-rs_T	3:191394437	17	6	0.35294117647058826
0.03	0.032433333333333335	6.003085606318647	0.9716666666666667	18	stCNASim-rs_T	3:193694883	18	12	0.6666666666666666
0.02666666666666667	0.025955555555555558	6.041522964141575	0.9733333333333334	16	stCNASim-rs_T	3:194640947	16	5	0.3125
0.02666666666666667	0.029288888888888896	6.41774880243016	0.975	16	stCNASim-rs_T	3:194640985	16	3	0.1875
0.028333333333333332	0.027530555555555558	5.856117946642016	0.9716666666666667	17	stCNASim-rs_T	3:194641039	17	11	0.6470588235294118
0.056666666666666664	0.06012222222222223	4.327029388035357	0.9466666666666667	34	stCNASim-rs_T	3:195514593	34	18	0.5294117647058824
0.016666666666666666	0.01638888888888889	7.681145701781734	0.9833333333333333	10	stCNASim-rs_T	4:1693082	10	8	0.8
0.065	0.06744166666666668	3.995312829518721	0.9383333333333334	39	stCNASim-rs_T	4:2250447	39	20	0.5128205128205128
0.07333333333333333	0.07462222222222223	3.7250547673836305	0.93	44	stCNASim-rs_T	4:3432055	44	20	0.45454545454545453
0.30666666666666664	0.33928888888888886	1.8994079262330434	0.7466666666666667	184	stCNASim-rs_T	4:3448159	184	105	0.5706521739130435
0.19333333333333333	0.22595555555555555	2.4586956497594175	0.8333333333333334	116	stCNASim-rs_T	4:3512812	116	51	0.4396551724137931
0.03333333333333333	0.03555555555555555	5.656854232521816	0.9683333333333334	20	stCNASim-rs_T	4:4235838	20	5	0.25
0.03	0.032433333333333335	6.003085606318647	0.9716666666666667	18	stCNASim-rs_T	4:8366877	18	12	0.6666666666666666
0.025	0.024374999999999994	6.244997973418404	0.975	15	stCNASim-rs_T	4:16161642	15	2	0.13333333333333333
0.021666666666666667	0.021197222222222218	6.719661132604933	0.9783333333333334	13	stCNASim-rs_T	4:16161863	13	12	0.9230769230769231
0.02666666666666667	0.025955555555555558	6.041522964141575	0.9733333333333334	16	stCNASim-rs_T	4:24800790	16	3	0.1875
0.025	0.024374999999999994	6.244997973418404	0.975	15	stCNASim-rs_T	4:27023875	15	5	0.3333333333333333
0.105	0.12064166666666665	3.307953261286304	0.9083333333333333	63	stCNASim-rs_T	4:38700816	63	21	0.3333333333333333
0.09166666666666666	0.09659722222222221	3.390555668841488	0.915	55	stCNASim-rs_T	4:38944804	55	26	0.4727272727272727
0.018333333333333333	0.01799722222222222	7.317475928304944	0.9816666666666667	11	stCNASim-rs_T	4:39287688	11	7	0.6363636363636364
0.13	0.12976666666666667	2.771010821772484	0.8766666666666667	78	stCNASim-rs_T	4:39498894	78	53	0.6794871794871795
0.023333333333333334	0.02278888888888889	6.469709614686531	0.9766666666666667	14	stCNASim-rs_T	5:1461453	14	8	0.5714285714285714
0.051666666666666666	0.055663888888888874	4.566424988121809	0.9516666666666667	31	stCNASim-rs_T	5:6372135	31	12	0.3870967741935484
0.11666666666666667	0.12305555555555557	3.006795023115489	0.8933333333333333	70	stCNASim-rs_T	5:10264850	70	35	0.5
0.11333333333333333	0.12382222222222222	3.1048572255890434	0.8966666666666666	68	stCNASim-rs_T	5:10264964	68	33	0.4852941176470588
1.0033333333333334	1.099988888888889	1.0453191538583309	0.38	602	stCNASim-rs_T	5:10279318	602	336	0.5581395348837209
0.12833333333333333	0.15853055555555556	3.1025373299066072	0.8933333333333333	77	stCNASim-rs_T	5:14709926	77	50	0.6493506493506493
0.018333333333333333	0.01799722222222222	7.317475928304944	0.9816666666666667	11	stCNASim-rs_T	5:16474535	11	8	0.7272727272727273
0.03166666666666667	0.030663888888888893	5.5298234307517316	0.9683333333333334	19	stCNASim-rs_T	5:31401340	19	9	0.47368421052631576
0.035	0.033775	5.250850256280172	0.965	21	stCNASim-rs_T	5:35879501	21	11	0.5238095238095238
0.24	0.24573333333333333	2.065479048586195	0.79	144	stCNASim-rs_T	5:36193130	144	43	0.2986111111111111
0.02666666666666667	0.025955555555555558	6.041522964141575	0.9733333333333334	16	stCNASim-rs_T	5:38935580	16	8	0.5
0.021666666666666667	0.021197222222222218	6.719661132604933	0.9783333333333334	13	stCNASim-rs_T	5:39373151	13	10	0.7692307692307693
0.04833333333333333	0.04933055555555555	4.595272337473194	0.9533333333333334	29	stCNASim-rs_T	5:40981587	29	18	0.6206896551724138
0.6366666666666667	0.9146555555555554	1.5021616686796322	0.585	382	stCNASim-rs_T	5:40982875	382	257	0.6727748691099477
1.2516666666666667	1.8783305555555554	1.0949576572658453	0.355	751	stCNASim-rs_T	5:41142504	751	356	0.474034620505992
0.03166666666666667	0.03399722222222222	5.822632297963545	0.97	19	stCNASim-rs_T	5:42805344	19	12	0.631578947368421
0.29	0.34256666666666663	2.0182481025516155	0.7666666666666667	174	stCNASim-rs_T	5:43289606	174	73	0.41954022988505746
0.023333333333333334	0.022788888888888893	6.469709614686531	0.9766666666666667	14	stCNASim-rs_T	5:44828492	14	13	0.9285714285714286
0.041666666666666664	0.04659722222222223	5.180733526361688	0.9616666666666667	25	stCNASim-rs_T	5:52952461	25	7	0.28
0.02	0.019599999999999992	6.999999964999999	0.98	12	stCNASim-rs_T	5:52953778	12	6	0.5
0.02	0.019599999999999992	6.999999964999999	0.98	12	stCNASim-rs_T	5:52953782	12	6	0.5
0.023333333333333334	0.026122222222222224	6.9267302116858165	0.9783333333333334	14	stCNASim-rs_T	5:52953878	14	10	0.7142857142857143
0.045	0.04630833333333334	4.782082460138543	0.9566666666666667	27	stCNASim-rs_T	5:52954427	27	17	0.6296296296296297
0.018333333333333333	0.01799722222222222	7.317475928304944	0.9816666666666667	11	stCNASim-rs_T	5:52956125	11	7	0.6363636363636364
0.11666666666666667	0.1297222222222222	3.0871689666358995	0.8966666666666666	70	stCNASim-rs_T	5:52956361	70	28	0.4
0.20166666666666666	0.19433055555555556	2.1859308835481723	0.815	121	stCNASim-rs_T	5:53683267	121	57	0.47107438016528924
0.025	0.024375	6.244997973418406	0.975	15	stCNASim-rs_T	5:53883986	15	7	0.4666666666666667
0.043333333333333335	0.04812222222222221	5.06233333717089	0.96	26	stCNASim-rs_T	5:72219789	26	14	0.5384615384615384
0.03166666666666667	0.030663888888888893	5.5298234307517316	0.9683333333333334	19	stCNASim-rs_T	5:73090312	19	12	0.631578947368421
0.13333333333333333	0.14555555555555558	2.8613807834188636	0.8816666666666667	80	stCNASim-rs_T	5:76969157	80	40	0.5
0.155	0.1643083333333333	2.6151589874238126	0.8616666666666667	93	stCNASim-rs_T	5:76969210	93	38	0.40860215053763443
0.03166666666666667	0.03399722222222222	5.822632297963545	0.97	19	stCNASim-rs_T	5:79686365	19	8	0.42105263157894735
0.15833333333333333	0.16659722222222223	2.5778730291631238	0.8566666666666667	95	stCNASim-rs_T	5:81330127	95	59	0.6210526315789474
0.11	0.10456666666666668	2.939706322496249	0.8933333333333333	66	stCNASim-rs_T	5:83052895	66	31	0.4696969696969697
0.1	0.11333333333333333	3.3665016427541907	0.91	60	stCNASim-rs_T	5:83052928	60	29	0.48333333333333334
0.07833333333333334	0.07886388888888889	3.5850274584097663	0.925	47	stCNASim-rs_T	5:96774507	47	17	0.3617021276595745
0.03833333333333333	0.03686388888888889	5.008688090792904	0.9616666666666667	23	stCNASim-rs_T	5:97163079	23	4	0.17391304347826086
0.105	0.10397500000000001	3.070967108958361	0.9	63	stCNASim-rs_T	5:103203051	63	27	0.42857142857142855
0.023333333333333334	0.022788888888888893	6.469709614686531	0.9766666666666667	14	stCNASim-rs_T	5:109867341	14	9	0.6428571428571429
0.09666666666666666	0.09398888888888889	3.171476619912615	0.9066666666666666	58	stCNASim-rs_T	5:110764969	58	31	0.5344827586206896
0.07	0.07176666666666667	3.8270430441209973	0.9333333333333333	42	stCNASim-rs_T	5:112867867	42	21	0.5
0.27166666666666667	0.31453055555555554	2.0644057823060327	0.7816666666666666	163	stCNASim-rs_T	5:112876454	163	87	0.5337423312883436
0.08666666666666667	0.0824888888888889	3.3139475697974476	0.915	52	stCNASim-rs_T	5:112876628	52	20	0.38461538461538464
0.3616666666666667	0.4275305555555555	1.807902877465813	0.715	217	stCNASim-rs_T	5:126544897	217	107	0.4930875576036866
0.04	0.041733333333333344	5.107184469246893	0.9616666666666667	24	stCNASim-rs_T	5:127554849	24	13	0.5416666666666666
0.16666666666666666	0.17555555555555558	2.5139610164869306	0.8516666666666667	100	stCNASim-rs_T	5:133972170	100	52	0.52
0.03666666666666667	0.035322222222222234	5.12569284384282	0.9633333333333334	22	stCNASim-rs_T	5:134969507	22	11	0.5
0.325	0.31604166666666667	1.729771791829089	0.7216666666666667	195	stCNASim-rs_T	5:135946941	195	97	0.49743589743589745
0.4033333333333333	0.4239888888888889	1.6144073349174264	0.6783333333333333	242	stCNASim-rs_T	5:135947143	242	107	0.44214876033057854
0.04	0.04173333333333333	5.107184469246892	0.9616666666666667	24	stCNASim-rs_T	5:135951340	24	8	0.3333333333333333
0.06166666666666667	0.06453055555555555	4.119383523901087	0.9416666666666667	37	stCNASim-rs_T	5:138934853	37	16	0.43243243243243246
0.055	0.051975	4.145095670710007	0.945	33	stCNASim-rs_T	5:140706477	33	9	0.2727272727272727
0.08833333333333333	0.11053055555555558	3.763713499427093	0.9216666666666666	53	stCNASim-rs_T	5:140706606	53	25	0.4716981132075472
0.051666666666666666	0.055663888888888874	4.566424988121809	0.9516666666666667	31	stCNASim-rs_T	5:147824629	31	4	0.12903225806451613
0.04	0.038400000000000004	4.898979473318907	0.96	24	stCNASim-rs_T	5:148442506	24	12	0.5
0.10666666666666667	0.1052888888888889	3.0420233780575927	0.8983333333333333	64	stCNASim-rs_T	5:149260199	64	34	0.53125
0.8716666666666667	0.9918638888888889	1.142551016396279	0.43166666666666664	523	stCNASim-rs_T	5:150446963	523	201	0.384321223709369
0.04666666666666667	0.05448888888888888	5.002040389284654	0.9566666666666667	28	stCNASim-rs_T	5:150558177	28	17	0.6071428571428571
0.021666666666666667	0.021197222222222215	6.719661132604933	0.9783333333333334	13	stCNASim-rs_T	5:154420953	13	9	0.6923076923076923
0.02666666666666667	0.029288888888888896	6.41774880243016	0.975	16	stCNASim-rs_T	5:157138601	16	12	0.75
0.11666666666666667	0.11638888888888888	2.9242127818447776	0.89	70	stCNASim-rs_T	5:157786489	70	30	0.42857142857142855
0.13166666666666665	0.13099722222222226	2.7488763324146626	0.8766666666666667	79	stCNASim-rs_T	5:168519256	79	37	0.46835443037974683
0.295	0.327975	1.941325477878889	0.755	177	stCNASim-rs_T	5:173787019	177	164	0.9265536723163842
0.12833333333333333	0.1318638888888889	2.829589692034675	0.8816666666666667	77	stCNASim-rs_T	5:175528569	77	20	0.2597402597402597
0.09833333333333333	0.09533055555555554	3.1398962654748215	0.905	59	stCNASim-rs_T	5:175528581	59	13	0.22033898305084745
0.016666666666666666	0.016388888888888894	7.681145701781734	0.9833333333333333	10	stCNASim-rs_T	5:175529464	10	4	0.4
0.043333333333333335	0.04478888888888889	4.883858197760319	0.9583333333333334	26	stCNASim-rs_T	5:177520152	26	13	0.5
0.12666666666666668	0.12395555555555555	2.7795254560184572	0.88	76	stCNASim-rs_T	5:177596097	76	29	0.3815789473684211
0.09166666666666666	0.10326388888888888	3.5056035388409494	0.9183333333333333	55	stCNASim-rs_T	5:178210881	55	23	0.41818181818181815
0.03833333333333333	0.04019722222222222	5.230237793915849	0.9633333333333334	23	stCNASim-rs_T	5:181237105	23	12	0.5217391304347826
0.03	0.0291	5.686240684123191	0.97	18	stCNASim-rs_T	6:7281421	18	13	0.7222222222222222
0.155	0.1643083333333333	2.6151589874238126	0.8583333333333333	93	stCNASim-rs_T	6:10980820	93	27	0.2903225806451613
0.025	0.024374999999999997	6.244997973418406	0.975	15	stCNASim-rs_T	6:11134628	15	5	0.3333333333333333
0.04666666666666667	0.04782222222222221	4.686062694774643	0.955	28	stCNASim-rs_T	6:17759506	28	9	0.32142857142857145
0.2783333333333333	0.3375305555555556	2.087331014954193	0.7783333333333333	167	stCNASim-rs_T	6:30493308	167	56	0.33532934131736525
0.041666666666666664	0.03993055555555557	4.795831511802725	0.9583333333333334	25	stCNASim-rs_T	6:31142614	25	8	0.32
1.525	2.0460416666666665	0.9379666415441683	0.25166666666666665	915	stCNASim-rs_T	6:31354079	915	438	0.4786885245901639
0.6016666666666667	0.6829972222222223	1.3735786034536281	0.57	361	stCNASim-rs_T	6:31354171	361	149	0.41274238227146814
0.028333333333333332	0.02753055555555556	5.856117946642017	0.9716666666666667	17	stCNASim-rs_T	6:31415217	17	10	0.5882352941176471
0.07	0.06843333333333333	3.737109358134306	0.9316666666666666	42	stCNASim-rs_T	6:31588804	42	24	0.5714285714285714
0.02	0.019599999999999992	6.999999964999999	0.98	12	stCNASim-rs_T	6:31951801	12	7	0.5833333333333334
0.15166666666666667	0.19533055555555556	2.91403625279566	0.8733333333333333	91	stCNASim-rs_T	6:32180626	91	45	0.4945054945054945
0.07333333333333333	0.07795555555555556	3.807343920512154	0.9316666666666666	44	stCNASim-rs_T	6:32643169	44	9	0.20454545454545456
0.07333333333333333	0.07795555555555556	3.807343920512154	0.9316666666666666	44	stCNASim-rs_T	6:32643174	44	9	0.20454545454545456
0.09333333333333334	0.09128888888888888	3.2372197661385957	0.91	56	stCNASim-rs_T	6:32643191	56	9	0.16071428571428573
0.09333333333333334	0.09128888888888888	3.2372197661385957	0.91	56	stCNASim-rs_T	6:32643195	56	9	0.16071428571428573
0.08	0.07693333333333333	3.4671073394519025	0.9216666666666666	48	stCNASim-rs_T	6:32643217	48	5	0.10416666666666667
0.08	0.07693333333333333	3.4671073394519025	0.9216666666666666	48	stCNASim-rs_T	6:32643220	48	5	0.10416666666666667
0.018333333333333333	0.021330555555555557	7.966354826709253	0.9833333333333333	11	stCNASim-rs_T	6:32643257	11	2	0.18181818181818182
0.058333333333333334	0.05826388888888888	4.137928095180762	0.9433333333333334	35	stCNASim-rs_T	6:32659544	35	5	0.14285714285714285
0.02666666666666667	0.02928888888888889	6.417748802430158	0.975	16	stCNASim-rs_T	6:32659575	16	7	0.4375
0.02666666666666667	0.02928888888888889	6.417748802430158	0.975	16	stCNASim-rs_T	6:32659585	16	7	0.4375
0.025	0.027708333333333335	6.65832809184608	0.9766666666666667	15	stCNASim-rs_T	6:32659588	15	7	0.4666666666666667
0.016666666666666666	0.019722222222222224	8.42614972261946	0.985	10	stCNASim-rs_T	6:32659617	10	7	0.7
0.016666666666666666	0.019722222222222224	8.42614972261946	0.985	10	stCNASim-rs_T	6:32659619	10	7	0.7
0.018333333333333333	0.02133055555555556	7.966354826709253	0.9833333333333333	11	stCNASim-rs_T	6:32659628	11	5	0.45454545454545453
0.11833333333333333	0.12099722222222224	2.939548305860517	0.89	71	stCNASim-rs_T	6:32659923	71	38	0.5352112676056338
0.125	0.12604166666666666	2.8401877849466217	0.8833333333333333	75	stCNASim-rs_T	6:32659937	75	35	0.4666666666666667
0.08833333333333333	0.09053055555555557	3.406222183641603	0.9166666666666666	53	stCNASim-rs_T	6:32659975	53	25	0.4716981132075472
0.08666666666666667	0.09248888888888888	3.5090752968609267	0.92	52	stCNASim-rs_T	6:32659986	52	28	0.5384615384615384
0.085	0.09110833333333336	3.551077289029195	0.9216666666666666	51	stCNASim-rs_T	6:32660000	51	24	0.47058823529411764
0.11833333333333333	0.12433055555555557	2.9797637907111105	0.8916666666666667	71	stCNASim-rs_T	6:32660018	71	31	0.43661971830985913
0.11666666666666667	0.12305555555555554	3.0067950231154885	0.8933333333333333	70	stCNASim-rs_T	6:32660021	70	38	0.5428571428571428
0.12333333333333334	0.12478888888888887	2.8642273617302316	0.885	74	stCNASim-rs_T	6:32660041	74	34	0.4594594594594595
0.12666666666666668	0.12395555555555554	2.779525456018457	0.88	76	stCNASim-rs_T	6:32660056	76	31	0.40789473684210525
0.12666666666666668	0.12395555555555554	2.779525456018457	0.88	76	stCNASim-rs_T	6:32660073	76	29	0.3815789473684211
0.13	0.12976666666666667	2.771010821772484	0.8783333333333333	78	stCNASim-rs_T	6:32660075	78	29	0.3717948717948718
0.095	0.09597499999999999	3.2610349596535775	0.91	57	stCNASim-rs_T	6:32660105	57	24	0.42105263157894735
0.09	0.0919	3.3683347498627656	0.915	54	stCNASim-rs_T	6:32660129	54	30	0.5555555555555556
0.06333333333333334	0.06265555555555555	3.9522776427815085	0.9383333333333334	38	stCNASim-rs_T	6:32660146	38	25	0.6578947368421053
0.035	0.033775	5.250850256280172	0.965	21	stCNASim-rs_T	6:32660190	21	14	0.6666666666666666
0.028333333333333332	0.02753055555555556	5.856117946642017	0.9716666666666667	17	stCNASim-rs_T	6:32660199	17	11	0.6470588235294118
0.021666666666666667	0.021197222222222218	6.719661132604933	0.9783333333333334	13	stCNASim-rs_T	6:32660211	13	5	0.38461538461538464
0.021666666666666667	0.021197222222222218	6.719661132604933	0.9783333333333334	13	stCNASim-rs_T	6:32660214	13	5	0.38461538461538464
0.021666666666666667	0.021197222222222218	6.719661132604933	0.9783333333333334	13	stCNASim-rs_T	6:32660215	13	8	0.6153846153846154
0.021666666666666667	0.021197222222222218	6.719661132604933	0.9783333333333334	13	stCNASim-rs_T	6:32828678	13	7	0.5384615384615384
0.03666666666666667	0.03865555555555556	5.362095295579241	0.965	22	stCNASim-rs_T	6:32858456	22	16	0.7272727272727273
0.03333333333333333	0.035555555555555556	5.656854232521817	0.9683333333333334	20	stCNASim-rs_T	6:32980944	20	8	0.4
0.21166666666666667	0.2468638888888889	2.34734169110927	0.8233333333333334	127	stCNASim-rs_T	6:33065076	127	45	0.3543307086614173
0.06666666666666667	0.06222222222222223	3.7416573811614557	0.9333333333333333	40	stCNASim-rs_T	6:33085832	40	15	0.375
0.6766666666666666	0.8354555555555555	1.3507870624283755	0.5483333333333333	406	stCNASim-rs_T	6:33299895	406	228	0.5615763546798029
0.13166666666666665	0.1543305555555556	2.9836654034597063	0.885	79	stCNASim-rs_T	6:34877871	79	30	0.379746835443038
0.24	0.2424	2.051422269993769	0.7866666666666666	144	stCNASim-rs_T	6:35573655	144	53	0.3680555555555556
0.26166666666666666	0.27986388888888886	2.0217387266214586	0.7766666666666666	157	stCNASim-rs_T	6:36602589	157	75	0.47770700636942676
0.02	0.019599999999999996	6.999999964999999	0.98	12	stCNASim-rs_T	6:37028997	12	4	0.3333333333333333
0.12	0.12893333333333332	2.99227399961649	0.8916666666666667	72	stCNASim-rs_T	6:37483138	72	36	0.5
0.105	0.11397499999999998	3.2152555825368605	0.905	63	stCNASim-rs_T	6:42206873	63	42	0.6666666666666666
0.03	0.032433333333333335	6.003085606318647	0.9716666666666667	18	stCNASim-rs_T	6:42208189	18	4	0.2222222222222222
0.04	0.03840000000000001	4.898979473318908	0.96	24	stCNASim-rs_T	6:42691211	24	3	0.125
0.08	0.0736	3.391164987323678	0.92	48	stCNASim-rs_T	6:43181249	48	28	0.5833333333333334
0.325	0.329375	1.7658831199564966	0.7233333333333334	195	stCNASim-rs_T	6:44233997	195	76	0.38974358974358975
0.09166666666666666	0.09993055555555556	3.4485594032180553	0.9166666666666666	55	stCNASim-rs_T	6:44254310	55	26	0.4727272727272727
0.09166666666666666	0.10326388888888888	3.5056035388409494	0.9183333333333333	55	stCNASim-rs_T	6:49430402	55	24	0.43636363636363634
0.045	0.049641666666666674	4.951202195752884	0.9583333333333334	27	stCNASim-rs_T	6:53631204	27	15	0.5555555555555556
0.028333333333333332	0.030863888888888896	6.2005134070188745	0.9733333333333334	17	stCNASim-rs_T	6:69675817	17	6	0.35294117647058826
0.14	0.14706666666666662	2.739233715809052	0.8733333333333333	84	stCNASim-rs_T	6:85495605	84	32	0.38095238095238093
0.04833333333333333	0.052663888888888885	4.747989113314535	0.955	29	stCNASim-rs_T	6:87514446	29	10	0.3448275862068966
0.04833333333333333	0.052663888888888885	4.747989113314535	0.955	29	stCNASim-rs_T	6:87675301	29	16	0.5517241379310345
0.03833333333333333	0.03686388888888889	5.008688090792904	0.9616666666666667	23	stCNASim-rs_T	6:96891202	23	11	0.4782608695652174
0.05	0.05416666666666664	4.654746671946819	0.9533333333333334	30	stCNASim-rs_T	6:109366911	30	18	0.6
0.115	0.12844166666666668	3.116413847648283	0.8966666666666666	69	stCNASim-rs_T	6:109367335	69	39	0.5652173913043478
0.023333333333333334	0.026122222222222224	6.9267302116858165	0.9783333333333334	14	stCNASim-rs_T	6:109368704	14	5	0.35714285714285715
0.04833333333333333	0.05599722222222221	4.895944585548364	0.955	29	stCNASim-rs_T	6:110391839	29	13	0.4482758620689655
0.03166666666666667	0.03066388888888889	5.5298234307517316	0.9683333333333334	19	stCNASim-rs_T	6:117549729	19	12	0.631578947368421
0.03833333333333333	0.03686388888888889	5.008688090792904	0.9616666666666667	23	stCNASim-rs_T	6:119179074	23	5	0.21739130434782608
0.07333333333333333	0.06795555555555556	3.554766321701165	0.9266666666666666	44	stCNASim-rs_T	6:130834962	44	11	0.25
0.06333333333333334	0.06598888888888889	4.056047767686445	0.94	38	stCNASim-rs_T	6:130835086	38	19	0.5
0.03666666666666667	0.035322222222222234	5.12569284384282	0.9633333333333334	22	stCNASim-rs_T	6:144852962	22	14	0.6363636363636364
0.025	0.024375	6.244997973418406	0.975	15	stCNASim-rs_T	6:156936239	15	7	0.4666666666666667
0.345	0.325975	1.654904937867969	0.7033333333333334	207	stCNASim-rs_T	6:159778994	207	116	0.5603864734299517
0.3616666666666667	0.3608638888888889	1.660975509317524	0.6966666666666667	217	stCNASim-rs_T	6:160752914	217	67	0.3087557603686636
0.05333333333333334	0.08382222222222223	5.4285126774736545	0.9583333333333334	32	stCNASim-rs_T	6:167042141	32	14	0.4375
0.025	0.024375	6.244997973418406	0.975	15	stCNASim-rs_T	6:170404863	15	6	0.4
0.041666666666666664	0.0432638888888889	4.991993577758691	0.96	25	stCNASim-rs_T	6:170577443	25	9	0.36
0.315	0.3391083333333334	1.8486669507417208	0.7383333333333333	189	stCNASim-rs_T	7:260547	189	99	0.5238095238095238
0.09166666666666666	0.08993055555555554	3.271464399239599	0.9116666666666666	55	stCNASim-rs_T	7:997163	55	32	0.5818181818181818
0.04833333333333333	0.04933055555555555	4.595272337473194	0.9533333333333334	29	stCNASim-rs_T	7:2538147	29	19	0.6551724137931034
0.075	0.069375	3.5118845796017335	0.925	45	stCNASim-rs_T	7:6023652	45	32	0.7111111111111111
0.09	0.08856666666666668	3.306683588476935	0.9133333333333333	54	stCNASim-rs_T	7:6656367	54	24	0.4444444444444444
0.02666666666666667	0.025955555555555558	6.041522964141575	0.9733333333333334	16	stCNASim-rs_T	7:12237259	16	12	0.75
0.125	0.18604166666666666	3.4506038091348588	0.9	75	stCNASim-rs_T	7:30757354	75	51	0.68
0.025	0.024374999999999994	6.244997973418404	0.975	15	stCNASim-rs_T	7:36299517	15	4	0.26666666666666666
0.016666666666666666	0.01972222222222222	8.42614972261946	0.985	10	stCNASim-rs_T	7:38230514	10	4	0.4
0.05333333333333334	0.060488888888888884	4.6114666777776785	0.9516666666666667	32	stCNASim-rs_T	7:44220107	32	11	0.34375
0.14	0.15706666666666663	2.8308312261116626	0.8783333333333333	84	stCNASim-rs_T	7:45076174	84	47	0.5595238095238095
0.10166666666666667	0.10466388888888889	3.1821441461385622	0.905	61	stCNASim-rs_T	7:45100293	61	35	0.5737704918032787
0.075	0.07937500000000001	3.7564758848529145	0.93	45	stCNASim-rs_T	7:45100320	45	23	0.5111111111111111
0.18166666666666667	0.17866388888888893	2.3267147531941386	0.8333333333333334	109	stCNASim-rs_T	7:50458521	109	46	0.42201834862385323
0.08833333333333333	0.08719722222222223	3.3429255561697118	0.915	53	stCNASim-rs_T	7:50592707	53	30	0.5660377358490566
0.025	0.024374999999999997	6.244997973418406	0.975	15	stCNASim-rs_T	7:55433555	15	6	0.4
0.02666666666666667	0.025955555555555558	6.041522964141575	0.9733333333333334	16	stCNASim-rs_T	7:55433582	16	6	0.375
0.021666666666666667	0.021197222222222218	6.719661132604933	0.9783333333333334	13	stCNASim-rs_T	7:55956365	13	12	0.9230769230769231
0.3383333333333333	0.36719722222222223	1.7910384357933544	0.7233333333333334	203	stCNASim-rs_T	7:65960907	203	114	0.5615763546798029
0.025	0.027708333333333335	6.65832809184608	0.9766666666666667	15	stCNASim-rs_T	7:66093491	15	10	0.6666666666666666
0.10333333333333333	0.10265555555555557	3.100636029901792	0.9016666666666666	62	stCNASim-rs_T	7:76066590	62	35	0.5645161290322581
0.025	0.024374999999999997	6.244997973418406	0.975	15	stCNASim-rs_T	7:76505817	15	8	0.5333333333333333
0.08333333333333333	0.09972222222222223	3.7894590597519326	0.9266666666666666	50	stCNASim-rs_T	7:80676955	50	21	0.42
0.045	0.04964166666666668	4.951202195752884	0.9583333333333334	27	stCNASim-rs_T	7:90415631	27	10	0.37037037037037035
0.03833333333333333	0.04019722222222222	5.230237793915849	0.9633333333333334	23	stCNASim-rs_T	7:92458002	23	9	0.391304347826087
0.5116666666666667	0.5431972222222221	1.4404282989538317	0.615	307	stCNASim-rs_T	7:95298396	307	141	0.4592833876221498
0.77	0.8937666666666666	1.2277822528056304	0.49	462	stCNASim-rs_T	7:98291311	462	150	0.3246753246753247
0.3466666666666667	0.3631555555555555	1.7383381503274502	0.715	208	stCNASim-rs_T	7:101138164	208	83	0.39903846153846156
2.04	3.281733333333334	0.888017402425035	0.18166666666666667	1224	stCNASim-rs_T	7:101139179	1224	544	0.4444444444444444
0.215	0.22544166666666665	2.208404549324364	0.81	129	stCNASim-rs_T	7:101161149	129	63	0.4883720930232558
0.04	0.03840000000000001	4.898979473318908	0.96	24	stCNASim-rs_T	7:101161261	24	4	0.16666666666666666
0.023333333333333334	0.022788888888888893	6.469709614686531	0.9766666666666667	14	stCNASim-rs_T	7:102426426	14	8	0.5714285714285714
0.023333333333333334	0.022788888888888893	6.469709614686531	0.9766666666666667	14	stCNASim-rs_T	7:110663471	14	5	0.35714285714285715
0.03166666666666667	0.03399722222222222	5.822632297963545	0.97	19	stCNASim-rs_T	7:116258656	19	13	0.6842105263157895
0.025	0.024374999999999997	6.244997973418406	0.975	15	stCNASim-rs_T	7:116506657	15	5	0.3333333333333333
0.12	0.1156	2.833333330972222	0.885	72	stCNASim-rs_T	7:118192084	72	43	0.5972222222222222
0.04	0.038400000000000004	4.898979473318907	0.96	24	stCNASim-rs_T	7:127580773	24	13	0.5416666666666666
0.035	0.043775	5.977850255179763	0.9683333333333334	21	stCNASim-rs_T	7:128092216	21	12	0.5714285714285714
0.02	0.019599999999999996	6.999999964999999	0.98	12	stCNASim-rs_T	7:134290431	12	5	0.4166666666666667
0.18	0.20426666666666668	2.5108816662611093	0.8466666666666667	108	stCNASim-rs_T	7:143390992	108	58	0.5370370370370371
0.035	0.03710833333333333	5.50386380951624	0.9666666666666667	21	stCNASim-rs_T	7:149880331	21	8	0.38095238095238093
0.09	0.0919	3.3683347498627656	0.915	54	stCNASim-rs_T	7:149880502	54	22	0.4074074074074074
0.02	0.019599999999999996	6.999999964999999	0.98	12	stCNASim-rs_T	7:150410870	12	6	0.5
0.02	0.019599999999999996	6.999999964999999	0.98	12	stCNASim-rs_T	7:150410871	12	6	0.5
1.8983333333333334	2.3813305555555555	0.8129004586046438	0.21	1139	stCNASim-rs_T	7:150791528	1139	544	0.47761194029850745
0.04833333333333333	0.045997222222222224	4.437302681916049	0.9516666666666667	29	stCNASim-rs_T	7:151378237	29	15	0.5172413793103449
0.025	0.024374999999999994	6.244997973418404	0.975	15	stCNASim-rs_T	7:151556140	15	2	0.13333333333333333
0.03666666666666667	0.035322222222222234	5.12569284384282	0.9633333333333334	22	stCNASim-rs_T	9:4707519	22	15	0.6818181818181818
0.25666666666666665	0.27745555555555557	2.052235717980724	0.785	154	stCNASim-rs_T	9:4711440	154	96	0.6233766233766234
0.11333333333333333	0.1138222222222222	2.9768425688745497	0.8916666666666667	68	stCNASim-rs_T	9:4860300	68	30	0.4411764705882353
0.02	0.02293333333333333	7.5718777565409745	0.9816666666666667	12	stCNASim-rs_T	9:4860643	12	7	0.5833333333333334
0.02666666666666667	0.025955555555555555	6.041522964141574	0.9733333333333334	16	stCNASim-rs_T	9:6723861	16	4	0.25
0.26	0.27573333333333333	2.019627554865806	0.775	156	stCNASim-rs_T	9:7798435	156	67	0.42948717948717946
0.11666666666666667	0.12638888888888888	3.047246998488294	0.895	70	stCNASim-rs_T	9:7798518	70	33	0.4714285714285714
0.07	0.08510000000000001	4.167414892850785	0.94	42	stCNASim-rs_T	9:14087770	42	17	0.40476190476190477
0.2866666666666667	0.3111555555555556	1.9458599663685554	0.7633333333333333	172	stCNASim-rs_T	9:33110841	172	77	0.4476744186046512
0.06666666666666667	0.06555555555555556	3.8405728681734455	0.935	40	stCNASim-rs_T	9:34368986	40	20	0.5
0.04666666666666667	0.05448888888888888	5.002040389284654	0.9583333333333334	28	stCNASim-rs_T	9:34369064	28	15	0.5357142857142857
0.16	0.16773333333333332	2.559703757301463	0.8566666666666667	96	stCNASim-rs_T	9:36211830	96	45	0.46875
0.025	0.024374999999999997	6.244997973418406	0.975	15	stCNASim-rs_T	9:37358089	15	8	0.5333333333333333
0.043333333333333335	0.04145555555555555	4.698608621180273	0.9566666666666667	26	stCNASim-rs_T	9:37780561	26	8	0.3076923076923077
0.016666666666666666	0.016388888888888894	7.681145701781734	0.9833333333333333	10	stCNASim-rs_T	9:37861797	10	1	0.1
0.051666666666666666	0.05233055555555555	4.427588271890786	0.95	31	stCNASim-rs_T	9:37863199	31	18	0.5806451612903226
0.02666666666666667	0.025955555555555558	6.041522964141575	0.9733333333333334	16	stCNASim-rs_T	9:37919746	16	5	0.3125
0.028333333333333332	0.030863888888888896	6.2005134070188745	0.9733333333333334	17	stCNASim-rs_T	9:71973409	17	12	0.7058823529411765
0.04833333333333333	0.052663888888888885	4.747989113314535	0.955	29	stCNASim-rs_T	9:75146726	29	20	0.6896551724137931
0.03333333333333333	0.032222222222222215	5.385164790979009	0.9666666666666667	20	stCNASim-rs_T	9:89316518	20	2	0.1
0.06166666666666667	0.06786388888888889	4.224437577009328	0.9433333333333334	37	stCNASim-rs_T	9:92711437	37	18	0.4864864864864865
0.8366666666666667	1.0266555555555557	1.2110439766987813	0.48333333333333334	502	stCNASim-rs_T	9:94603360	502	295	0.5876494023904383
0.065	0.06744166666666668	3.995312829518721	0.9383333333333334	39	stCNASim-rs_T	9:95086808	39	22	0.5641025641025641
0.555	0.586975	1.380437724175564	0.5716666666666667	333	stCNASim-rs_T	9:101420658	333	171	0.5135135135135135
5.4783333333333335	12.00286388888889	0.6324030953153811	0.02666666666666667	3287	stCNASim-rs_T	9:101421740	3287	1511	0.45968968664435655
0.016666666666666666	0.016388888888888887	7.681145701781733	0.9833333333333333	10	stCNASim-rs_T	9:109946491	10	3	0.3
0.16166666666666665	0.17553055555555558	2.591527845029234	0.8566666666666667	97	stCNASim-rs_T	9:111562668	97	44	0.4536082474226804
0.055	0.05864166666666667	4.402916631124886	0.9483333333333334	33	stCNASim-rs_T	9:112218687	33	16	0.48484848484848486
0.03833333333333333	0.04019722222222222	5.230237793915849	0.9633333333333334	23	stCNASim-rs_T	9:113264080	23	11	0.4782608695652174
0.2833333333333333	0.3397222222222222	2.057142169867563	0.7733333333333333	170	stCNASim-rs_T	9:113386350	170	92	0.5411764705882353
0.08333333333333333	0.08638888888888888	3.527038413477234	0.9216666666666666	50	stCNASim-rs_T	9:114311308	50	19	0.38
0.17666666666666667	0.16545555555555555	2.3024280204383127	0.8333333333333334	106	stCNASim-rs_T	9:122144177	106	38	0.3584905660377358
0.04666666666666667	0.04782222222222221	4.686062694774643	0.955	28	stCNASim-rs_T	9:124352210	28	11	0.39285714285714285
0.03666666666666667	0.035322222222222234	5.12569284384282	0.9633333333333334	22	stCNASim-rs_T	9:125146790	22	1	0.045454545454545456
0.035	0.033775	5.250850256280172	0.965	21	stCNASim-rs_T	9:125146810	21	0	0.0
0.08166666666666667	0.08499722222222221	3.5699122101644765	0.9233333333333333	49	stCNASim-rs_T	9:125233767	49	19	0.3877551020408163
0.028333333333333332	0.02753055555555556	5.856117946642017	0.9716666666666667	17	stCNASim-rs_T	9:125235024	17	9	0.5294117647058824
0.16	0.1644	2.5341418650053225	0.8533333333333334	96	stCNASim-rs_T	9:127407595	96	53	0.5520833333333334
0.03333333333333333	0.032222222222222215	5.385164790979009	0.9666666666666667	20	stCNASim-rs_T	9:127407721	20	15	0.75
0.03666666666666667	0.035322222222222234	5.12569284384282	0.9633333333333334	22	stCNASim-rs_T	9:127505577	22	6	0.2727272727272727
0.018333333333333333	0.017997222222222223	7.317475928304944	0.9816666666666667	11	stCNASim-rs_T	9:127790085	11	2	0.18181818181818182
0.09	0.08856666666666667	3.3066835884769348	0.9133333333333333	54	stCNASim-rs_T	9:127813796	54	32	0.5925925925925926
0.018333333333333333	0.02133055555555556	7.966354826709253	0.9833333333333333	11	stCNASim-rs_T	9:130139940	11	8	0.7272727272727273
0.065	0.07410833333333335	4.188130116302352	0.9416666666666667	39	stCNASim-rs_T	9:131576983	39	15	0.38461538461538464
0.06	0.0664	4.29469956841721	0.945	36	stCNASim-rs_T	9:133058374	36	18	0.5
0.32166666666666666	0.31486388888888883	1.7444373181079058	0.7233333333333334	193	stCNASim-rs_T	9:133663599	193	97	0.5025906735751295
0.11	0.11790000000000002	3.121506308687612	0.8983333333333333	66	stCNASim-rs_T	9:135504405	66	40	0.6060606060606061
0.021666666666666667	0.04453055555555556	9.739506521896695	0.985	13	stCNASim-rs_T	9:135933271	13	9	0.6923076923076923
0.07333333333333333	0.08462222222222222	3.9668043999127995	0.9333333333333333	44	stCNASim-rs_T	9:136375697	44	21	0.4772727272727273
0.12666666666666668	0.13395555555555555	2.889468888521115	0.885	76	stCNASim-rs_T	9:136402033	76	40	0.5263157894736842
0.08166666666666667	0.0849972222222222	3.5699122101644756	0.9233333333333333	49	stCNASim-rs_T	9:136423417	49	31	0.6326530612244898
0.23833333333333334	0.2548638888888889	2.1182117145533614	0.7966666666666666	143	stCNASim-rs_T	9:136423527	143	75	0.5244755244755245
0.4866666666666667	0.5298222222222222	1.4956620827236708	0.63	292	stCNASim-rs_T	9:136423619	292	182	0.6232876712328768
0.08666666666666667	0.0924888888888889	3.5090752968609267	0.9183333333333333	52	stCNASim-rs_T	9:136672371	52	31	0.5961538461538461
0.31833333333333336	0.38366388888888886	1.945778253429453	0.7466666666666667	191	stCNASim-rs_T	9:136672544	191	80	0.418848167539267
0.5333333333333333	0.6055555555555556	1.459077190967517	0.61	320	stCNASim-rs_T	9:136673235	320	143	0.446875
0.023333333333333334	0.022788888888888893	6.469709614686531	0.9766666666666667	14	stCNASim-rs_T	9:136723831	14	9	0.6428571428571429
0.021666666666666667	0.021197222222222218	6.719661132604933	0.9783333333333334	13	stCNASim-rs_T	9:136724914	13	7	0.5384615384615384
0.13166666666666665	0.13433055555555556	2.7836303578820867	0.8783333333333333	79	stCNASim-rs_T	9:137273425	79	49	0.620253164556962
0.18333333333333332	0.1763888888888889	2.2908369384512075	0.8266666666666667	110	scReadSim-cna_T	1:1217251	110	1	0.00909090909090909
0.23833333333333334	0.2648638888888889	2.1593676379946607	0.7983333333333333	143	scReadSim-cna_T	1:2189679	143	1	0.006993006993006993
0.018333333333333333	0.01799722222222222	7.317475928304944	0.9816666666666667	11	scReadSim-cna_T	1:9268027	11	0	0.0
0.05333333333333334	0.05715555555555555	4.482605260855391	0.95	32	scReadSim-cna_T	1:9848424	32	0	0.0
0.045	0.042975000000000006	4.606758310124511	0.955	27	scReadSim-cna_T	1:11054883	27	0	0.0
0.09166666666666666	0.09659722222222221	3.390555668841488	0.915	55	scReadSim-cna_T	1:11106656	55	0	0.0
0.035	0.033775	5.250850256280172	0.965	21	scReadSim-cna_T	1:17407068	21	0	0.0
0.5116666666666667	0.5231972222222222	1.4136620179423067	0.6	307	scReadSim-cna_T	1:19282760	307	0	0.0
0.22	0.2482666666666667	2.264834779704444	0.8116666666666666	132	scReadSim-cna_T	1:19338963	132	0	0.0
0.17	0.1977666666666667	2.615939075523589	0.8533333333333334	102	scReadSim-cna_T	1:19339003	102	2	0.0196078431372549
0.016666666666666666	0.01638888888888889	7.681145701781734	0.9833333333333333	10	scReadSim-cna_T	1:19682387	10	0	0.0
0.03	0.0291	5.686240684123191	0.97	18	scReadSim-cna_T	1:20191733	18	0	0.0
0.04	0.03840000000000001	4.898979473318908	0.96	24	scReadSim-cna_T	1:20618562	24	1	0.041666666666666664
0.051666666666666666	0.05233055555555555	4.427588271890786	0.95	31	scReadSim-cna_T	1:20650507	31	0	0.0
0.1	0.1	3.162277657006102	0.905	60	scReadSim-cna_T	1:20650728	60	0	0.0
0.40166666666666667	0.4636638888888889	1.6952581636238853	0.6883333333333334	241	scReadSim-cna_T	1:20651255	241	0	0.0
0.03833333333333333	0.03686388888888889	5.008688090792904	0.9616666666666667	23	scReadSim-cna_T	1:20651363	23	0	0.0
0.045	0.042975	4.60675831012451	0.955	27	scReadSim-cna_T	1:23083647	27	0	0.0
0.058333333333333334	0.05826388888888888	4.137928095180762	0.9433333333333334	35	scReadSim-cna_T	1:25818183	35	0	0.0
0.02666666666666667	0.025955555555555558	6.041522964141575	0.9733333333333334	16	scReadSim-cna_T	1:25861747	16	1	0.0625
0.045	0.052975000000000015	5.114733004848996	0.96	27	scReadSim-cna_T	1:26282323	27	0	0.0
0.07	0.07843333333333333	4.00085024405497	0.9366666666666666	42	scReadSim-cna_T	1:26282337	42	0	0.0
0.09	0.0919	3.3683347498627656	0.915	54	scReadSim-cna_T	1:27336175	54	0	0.0
0.018333333333333333	0.02133055555555556	7.966354826709253	0.9833333333333333	11	scReadSim-cna_T	1:27353801	11	0	0.0
0.016666666666666666	0.01638888888888889	7.681145701781734	0.9833333333333333	10	scReadSim-cna_T	1:31434255	10	0	0.0
0.48	0.49626666666666663	1.4676291031073594	0.6266666666666667	288	scReadSim-cna_T	1:32231462	288	0	0.0
0.5066666666666667	0.5232888888888889	1.4277376867766873	0.6116666666666667	304	scReadSim-cna_T	1:32231470	304	1	0.003289473684210526
0.27166666666666667	0.2711972222222222	1.9169300446208006	0.7633333333333333	163	scReadSim-cna_T	1:33323781	163	1	0.006134969325153374
0.11	0.11123333333333335	3.031969236131938	0.8966666666666666	66	scReadSim-cna_T	1:33323919	66	0	0.0
0.051666666666666666	0.05899722222222221	4.701163306980696	0.9533333333333334	31	scReadSim-cna_T	1:33323987	31	0	0.0
0.11333333333333333	0.1104888888888889	2.932929612075159	0.8916666666666667	68	scReadSim-cna_T	1:34795631	68	0	0.0
0.03166666666666667	0.030663888888888893	5.5298234307517316	0.9683333333333334	19	scReadSim-cna_T	1:37455082	19	1	0.05263157894736842
0.095	0.09597499999999999	3.2610349596535775	0.91	57	scReadSim-cna_T	1:37493212	57	0	0.0
0.065	0.06410833333333334	3.8953266837373164	0.9366666666666666	39	scReadSim-cna_T	1:38838323	39	0	0.0
0.03833333333333333	0.03686388888888889	5.008688090792904	0.9616666666666667	23	scReadSim-cna_T	1:39006034	23	0	0.0
0.12833333333333333	0.12519722222222224	2.7571339849053587	0.8783333333333333	77	scReadSim-cna_T	1:39753608	77	0	0.0
0.15333333333333332	0.16315555555555558	2.6342946869256534	0.8633333333333333	92	scReadSim-cna_T	1:42746440	92	1	0.010869565217391304
0.04	0.04506666666666667	5.3072277627621505	0.9633333333333334	24	scReadSim-cna_T	1:42807170	24	0	0.0
0.016666666666666666	0.016388888888888894	7.681145701781734	0.9833333333333333	10	scReadSim-cna_T	1:45513003	10	0	0.0
0.05333333333333334	0.0604888888888889	4.611466677777679	0.95	32	scReadSim-cna_T	1:46635343	32	0	0.0
0.25333333333333335	0.24915555555555552	1.970348056836429	0.7766666666666666	152	scReadSim-cna_T	1:47149558	152	0	0.0
0.31333333333333335	0.34182222222222225	1.8659222679294856	0.7416666666666667	188	scReadSim-cna_T	1:47378792	188	0	0.0
0.03	0.0291	5.686240684123191	0.97	18	scReadSim-cna_T	1:51788121	18	0	0.0
0.08166666666666667	0.08166388888888887	3.4992115449154144	0.9216666666666666	49	scReadSim-cna_T	1:51788192	49	0	0.0
0.07666666666666666	0.07745555555555556	3.63010932720189	0.9266666666666666	46	scReadSim-cna_T	1:52087086	46	0	0.0
0.04666666666666667	0.04782222222222221	4.686062694774643	0.955	28	scReadSim-cna_T	1:53085393	28	0	0.0
0.03833333333333333	0.03686388888888889	5.008688090792904	0.9616666666666667	23	scReadSim-cna_T	1:53214418	23	0	0.0
1.5983333333333334	1.9836638888888887	0.8811841704050214	0.25166666666666665	959	scReadSim-cna_T	1:54849938	959	1	0.0010427528675703858
0.5633333333333334	0.7359888888888888	1.5228957651062545	0.6183333333333333	338	scReadSim-cna_T	1:59893405	338	0	0.0
0.17	0.16776666666666668	2.409372317500024	0.8433333333333334	102	scReadSim-cna_T	1:65635232	102	0	0.0
0.045	0.042975000000000006	4.606758310124511	0.955	27	scReadSim-cna_T	1:67701808	27	0	0.0
0.035	0.04044166666666667	5.745746709830471	0.9683333333333334	21	scReadSim-cna_T	1:68125570	21	0	0.0
0.04	0.04173333333333333	5.107184469246892	0.9616666666666667	24	scReadSim-cna_T	1:74766547	24	0	0.0
0.06833333333333333	0.08366388888888887	4.232884486008311	0.94	41	scReadSim-cna_T	1:78664009	41	0	0.0
0.5966666666666667	0.7339888888888889	1.4358628741536505	0.5816666666666667	358	scReadSim-cna_T	1:86862842	358	2	0.00558659217877095
0.3883333333333333	0.5175305555555555	1.852521799770087	0.7133333333333334	233	scReadSim-cna_T	1:100738939	233	0	0.0
0.10166666666666667	0.11133055555555557	3.2819246292399598	0.9066666666666666	61	scReadSim-cna_T	1:109062683	61	0	0.0
0.05	0.057499999999999975	4.795831513721055	0.9533333333333334	30	scReadSim-cna_T	1:109062756	30	0	0.0
0.09666666666666666	0.09732222222222223	3.227225145932978	0.9083333333333333	58	scReadSim-cna_T	1:109737079	58	1	0.017241379310344827
0.03166666666666667	0.030663888888888893	5.5298234307517316	0.9683333333333334	19	scReadSim-cna_T	1:112700426	19	0	0.0
0.13833333333333334	0.15253055555555559	2.823264606748193	0.8766666666666667	83	scReadSim-cna_T	1:113982039	83	0	0.0
0.03833333333333333	0.04019722222222222	5.230237793915849	0.9633333333333334	23	scReadSim-cna_T	1:117528667	23	0	0.0
0.9483333333333334	1.235663888888889	1.1721661118051554	0.4166666666666667	569	scReadSim-cna_T	10:3779135	569	0	0.0
0.31833333333333336	0.3569972222222222	1.8769396182370384	0.7366666666666667	191	scReadSim-cna_T	10:3779369	191	0	0.0
0.035	0.033775	5.250850256280172	0.965	21	scReadSim-cna_T	10:4979696	21	1	0.047619047619047616
0.24833333333333332	0.27999722222222223	2.130795854657895	0.7933333333333333	149	scReadSim-cna_T	10:5638921	149	0	0.0
0.15333333333333332	0.15315555555555557	2.552288715107494	0.8583333333333333	92	scReadSim-cna_T	10:5639069	92	0	0.0
0.041666666666666664	0.04326388888888891	4.991993577758691	0.96	25	scReadSim-cna_T	10:5765645	25	0	0.0
0.043333333333333335	0.04145555555555556	4.698608621180273	0.9566666666666667	26	scReadSim-cna_T	10:5937534	26	0	0.0
0.03833333333333333	0.03686388888888889	5.008688090792904	0.9616666666666667	23	scReadSim-cna_T	10:12835510	23	1	0.043478260869565216
1.015	1.314775	1.1296910198483812	0.41	609	scReadSim-cna_T	10:17237518	609	1	0.0016420361247947454
0.02666666666666667	0.025955555555555555	6.041522964141574	0.9733333333333334	16	scReadSim-cna_T	10:18513378	16	0	0.0
0.08333333333333333	0.08972222222222222	3.5944401468089575	0.9233333333333333	50	scReadSim-cna_T	10:23119349	50	0	0.0
0.02	0.019599999999999996	6.999999964999999	0.98	12	scReadSim-cna_T	10:27110930	12	0	0.0
0.075	0.069375	3.5118845796017335	0.925	45	scReadSim-cna_T	10:27539593	45	0	0.0
0.041666666666666664	0.03993055555555557	4.795831511802725	0.9583333333333334	25	scReadSim-cna_T	10:42831179	25	0	0.0
0.023333333333333334	0.026122222222222227	6.926730211685817	0.9783333333333334	14	scReadSim-cna_T	10:58288034	14	0	0.0
0.028333333333333332	0.02753055555555556	5.856117946642017	0.9716666666666667	17	scReadSim-cna_T	10:69016838	17	0	0.0
0.041666666666666664	0.03993055555555557	4.795831511802725	0.9583333333333334	25	scReadSim-cna_T	10:69104309	25	0	0.0
0.051666666666666666	0.05233055555555555	4.427588271890786	0.95	31	scReadSim-cna_T	10:70299248	31	0	0.0
0.08666666666666667	0.0924888888888889	3.5090752968609267	0.92	52	scReadSim-cna_T	10:79382609	52	0	0.0
0.12666666666666668	0.13395555555555555	2.889468888521115	0.885	76	scReadSim-cna_T	10:80092303	76	0	0.0
0.016666666666666666	0.01638888888888889	7.681145701781734	0.9833333333333333	10	scReadSim-cna_T	10:80522502	10	0	0.0
0.4633333333333333	0.5119888888888889	1.544317960744868	0.65	278	scReadSim-cna_T	10:86970617	278	0	0.0
0.04	0.03840000000000001	4.898979473318908	0.96	24	scReadSim-cna_T	10:89015534	24	0	0.0
0.051666666666666666	0.048997222222222206	4.284254735496761	0.9483333333333334	31	scReadSim-cna_T	10:94735475	31	0	0.0
0.32	0.3342666666666666	1.8067437324165438	0.7333333333333333	192	scReadSim-cna_T	10:94735727	192	0	0.0
0.345	0.34597500000000003	1.7049170887020664	0.7116666666666667	207	scReadSim-cna_T	10:94736036	207	2	0.00966183574879227
0.12333333333333334	0.12812222222222222	2.902229562991987	0.8866666666666667	74	scReadSim-cna_T	10:94942580	74	0	0.0
0.03666666666666667	0.035322222222222234	5.12569284384282	0.9633333333333334	22	scReadSim-cna_T	10:95311992	22	1	0.045454545454545456
0.028333333333333332	0.02753055555555556	5.856117946642017	0.9716666666666667	17	scReadSim-cna_T	10:103088366	17	0	0.0
0.09666666666666666	0.10732222222222224	3.3889728116660205	0.9133333333333333	58	scReadSim-cna_T	10:110286442	58	0	0.0
0.02	0.019599999999999992	6.999999964999999	0.98	12	scReadSim-cna_T	10:113589157	12	0	0.0
0.041666666666666664	0.03993055555555557	4.795831511802725	0.9583333333333334	25	scReadSim-cna_T	10:117277498	25	0	0.0
0.07166666666666667	0.06986388888888889	3.6881550663305513	0.93	43	scReadSim-cna_T	10:117277560	43	1	0.023255813953488372
0.205	0.21630833333333332	2.2687297408586447	0.82	123	scReadSim-cna_T	10:119168032	123	0	0.0
0.08166666666666667	0.08166388888888887	3.4992115449154144	0.9216666666666666	49	scReadSim-cna_T	10:119941648	49	0	0.0
0.385	0.42344166666666666	1.6901920925772727	0.6933333333333334	231	scReadSim-cna_T	10:124614028	231	0	0.0
0.075	0.069375	3.5118845796017335	0.925	45	scReadSim-cna_T	10:125836503	45	0	0.0
25.815	270.180775	0.6367296770375669	0.0	15489	scReadSim-cna_T	10:133539005	15489	29	0.0018722964684614889
24.251666666666665	239.98833055555554	0.638783179870286	0.0	14551	scReadSim-cna_T	10:133539010	14551	27	0.0018555425743935125
0.08833333333333333	0.09386388888888889	3.468363858445616	0.9166666666666666	53	scReadSim-cna_T	11:252649	53	0	0.0
0.17666666666666667	0.19545555555555552	2.5024729655735984	0.8433333333333334	106	scReadSim-cna_T	11:252733	106	0	0.0
0.17833333333333334	0.19653055555555554	2.4858934690519887	0.8416666666666667	107	scReadSim-cna_T	11:252735	107	0	0.0
0.245	0.2683083333333333	2.114223988990663	0.795	147	scReadSim-cna_T	11:252941	147	0	0.0
0.06166666666666667	0.06786388888888889	4.224437577009328	0.9433333333333334	37	scReadSim-cna_T	11:295343	37	0	0.0
0.285	0.3204416666666666	1.9862304281059517	0.7683333333333333	171	scReadSim-cna_T	11:295527	171	0	0.0
0.14166666666666666	0.15159722222222224	2.7483873830537657	0.8716666666666667	85	scReadSim-cna_T	11:295670	85	0	0.0
0.18666666666666668	0.18515555555555555	2.305162793494366	0.83	112	scReadSim-cna_T	11:309127	112	1	0.008928571428571428
0.02666666666666667	0.025955555555555555	6.041522964141574	0.9733333333333334	16	scReadSim-cna_T	11:824789	16	0	0.0
0.2966666666666667	0.3386555555555556	1.9615995362831873	0.7533333333333333	178	scReadSim-cna_T	11:825110	178	0	0.0
0.6916666666666667	0.8132638888888889	1.3038237809703164	0.5333333333333333	415	scReadSim-cna_T	11:838672	415	1	0.0024096385542168677
1.0116666666666667	1.2415305555555556	1.101390346211309	0.4116666666666667	607	scReadSim-cna_T	11:840363	607	0	0.0
0.07333333333333333	0.07795555555555557	3.807343920512154	0.9316666666666666	44	scReadSim-cna_T	11:866794	44	0	0.0
0.06333333333333334	0.05932222222222222	3.8457084701660533	0.9366666666666666	38	scReadSim-cna_T	11:870446	38	0	0.0
0.051666666666666666	0.05233055555555555	4.427588271890786	0.95	31	scReadSim-cna_T	11:3826200	31	0	0.0
0.05333333333333334	0.053822222222222216	4.349928152170213	0.9483333333333334	32	scReadSim-cna_T	11:5663657	32	0	0.0
0.03666666666666667	0.035322222222222234	5.12569284384282	0.9633333333333334	22	scReadSim-cna_T	11:5710519	22	0	0.0
0.07333333333333333	0.0712888888888889	3.640906248580726	0.9283333333333333	44	scReadSim-cna_T	11:5710797	44	0	0.0
0.07333333333333333	0.0712888888888889	3.640906248580726	0.9283333333333333	44	scReadSim-cna_T	11:5710798	44	0	0.0
0.485	0.6097750000000001	1.6100637374325153	0.6466666666666666	291	scReadSim-cna_T	11:8685686	291	0	0.0
0.03666666666666667	0.03865555555555556	5.362095295579241	0.965	22	scReadSim-cna_T	11:10558089	22	0	0.0
0.09666666666666666	0.10065555555555557	3.2820268637584187	0.91	58	scReadSim-cna_T	11:10779639	58	0	0.0
0.043333333333333335	0.04145555555555556	4.698608621180273	0.9566666666666667	26	scReadSim-cna_T	11:12529850	26	0	0.0
0.018333333333333333	0.02133055555555556	7.966354826709253	0.9833333333333333	11	scReadSim-cna_T	11:17788092	11	0	0.0
0.06166666666666667	0.061197222222222236	4.0115792889991635	0.94	37	scReadSim-cna_T	11:17788177	37	0	0.0
0.03666666666666667	0.035322222222222234	5.12569284384282	0.9633333333333334	22	scReadSim-cna_T	11:18366581	22	0	0.0
0.13	0.1297666666666667	2.771010821772484	0.8783333333333333	78	scReadSim-cna_T	11:20383589	78	0	0.0
0.6333333333333333	0.6288888888888888	1.2521449738412738	0.5316666666666666	380	scReadSim-cna_T	11:32105392	380	0	0.0
0.08666666666666667	0.0824888888888889	3.3139475697974476	0.915	52	scReadSim-cna_T	11:33705434	52	0	0.0
0.11666666666666667	0.1097222222222222	2.8392295567594874	0.8866666666666667	70	scReadSim-cna_T	11:33708715	70	0	0.0
0.245	0.25164166666666665	2.0475060416536	0.785	147	scReadSim-cna_T	11:43856384	147	0	0.0
0.24833333333333332	0.27999722222222223	2.130795854657895	0.795	149	scReadSim-cna_T	11:49146748	149	0	0.0
0.14333333333333334	0.13612222222222226	2.574051987813845	0.8633333333333333	86	scReadSim-cna_T	11:57484855	86	0	0.0
0.63	0.6764333333333333	1.3054851943394215	0.5383333333333333	378	scReadSim-cna_T	11:58956265	378	1	0.0026455026455026454
0.13833333333333334	0.15253055555555553	2.823264606748192	0.8766666666666667	83	scReadSim-cna_T	11:59209161	83	0	0.0
0.15666666666666668	0.1587888888888889	2.5435100115202145	0.855	94	scReadSim-cna_T	11:59209238	94	0	0.0
0.055	0.05864166666666668	4.402916631124886	0.9483333333333334	33	scReadSim-cna_T	11:59636914	33	0	0.0
0.05	0.04749999999999999	4.358898934822874	0.95	30	scReadSim-cna_T	11:60389634	30	0	0.0
0.043333333333333335	0.044788888888888885	4.883858197760319	0.9583333333333334	26	scReadSim-cna_T	11:60389693	26	0	0.0
0.02	0.019599999999999992	6.999999964999999	0.98	12	scReadSim-cna_T	11:60394776	12	0	0.0
0.043333333333333335	0.04145555555555556	4.698608621180273	0.9566666666666667	26	scReadSim-cna_T	11:61802358	26	1	0.038461538461538464
0.016666666666666666	0.01638888888888889	7.681145701781734	0.9833333333333333	10	scReadSim-cna_T	11:63304838	10	0	0.0
0.028333333333333332	0.03753055555555557	6.837460400024049	0.975	17	scReadSim-cna_T	11:64853046	17	0	0.0
0.2783333333333333	0.2875305555555556	1.926534456255002	0.76	167	scReadSim-cna_T	11:65439446	167	1	0.005988023952095809
0.15333333333333332	0.1664888888888889	2.6610684761948433	0.8633333333333333	92	scReadSim-cna_T	11:65439998	92	0	0.0
0.9433333333333334	1.1034555555555554	1.113556460556442	0.41333333333333333	566	scReadSim-cna_T	11:65440647	566	0	0.0
0.12666666666666668	0.14062222222222223	2.9604970735417617	0.8866666666666667	76	scReadSim-cna_T	11:65592439	76	0	0.0
0.3616666666666667	0.3841972222222222	1.7138334961954163	0.705	217	scReadSim-cna_T	11:65597847	217	0	0.0
0.11833333333333333	0.12099722222222224	2.939548305860517	0.89	71	scReadSim-cna_T	11:66337522	71	1	0.014084507042253521
0.11666666666666667	0.12638888888888888	3.047246998488294	0.8933333333333333	70	scReadSim-cna_T	11:69492939	70	0	0.0
0.19833333333333333	0.1956638888888889	2.230281229489557	0.8183333333333334	119	scReadSim-cna_T	11:70436523	119	0	0.0
0.21666666666666667	0.20972222222222223	2.1136356396451044	0.7983333333333333	130	scReadSim-cna_T	11:72003032	130	0	0.0
0.018333333333333333	0.017997222222222223	7.317475928304944	0.9816666666666667	11	scReadSim-cna_T	11:75205650	11	0	0.0
0.11	0.10456666666666665	2.9397063224962485	0.8933333333333333	66	scReadSim-cna_T	11:75205802	66	1	0.015151515151515152
0.14166666666666666	0.13493055555555558	2.592910214703145	0.865	85	scReadSim-cna_T	11:75800527	85	0	0.0
0.04666666666666667	0.04448888888888888	4.5197977101879685	0.9533333333333334	28	scReadSim-cna_T	11:85636371	28	0	0.0
0.065	0.06744166666666668	3.995312829518721	0.9383333333333334	39	scReadSim-cna_T	11:95832124	39	0	0.0
0.04	0.038400000000000004	4.898979473318907	0.96	24	scReadSim-cna_T	11:95832625	24	0	0.0
0.045	0.04630833333333334	4.782082460138543	0.9566666666666667	27	scReadSim-cna_T	11:102520694	27	0	0.0
0.03166666666666667	0.030663888888888893	5.5298234307517316	0.9683333333333334	19	scReadSim-cna_T	11:104943160	19	0	0.0
0.025	0.034375	7.416198457430869	0.9783333333333334	15	scReadSim-cna_T	11:106098374	15	1	0.06666666666666667
0.055	0.06864166666666667	4.763555391992626	0.9516666666666667	33	scReadSim-cna_T	11:106098531	33	0	0.0
0.04833333333333333	0.052663888888888885	4.747989113314535	0.955	29	scReadSim-cna_T	11:108368901	29	0	0.0
0.051666666666666666	0.04899722222222221	4.284254735496762	0.9483333333333334	31	scReadSim-cna_T	11:111883850	31	0	0.0
0.016666666666666666	0.01638888888888889	7.681145701781734	0.9833333333333333	10	scReadSim-cna_T	11:113798135	10	0	0.0
0.7516666666666667	0.9933305555555554	1.3259330804962837	0.5133333333333333	451	scReadSim-cna_T	11:116789970	451	0	0.0
1.845	2.837641666666667	0.9130244458204368	0.22333333333333333	1107	scReadSim-cna_T	11:116830819	1107	1	0.0009033423667570009
72.74	951.8390666666668	0.4241392520094452	0.0	43644	scReadSim-cna_T	11:116832924	43644	42	0.000962331591971405
75.60833333333333	1024.5649305555555	0.4233505013483063	0.0	45365	scReadSim-cna_T	11:116832955	45365	69	0.0015209963628347845
0.08	0.0836	3.61420806918248	0.925	48	scReadSim-cna_T	11:117820203	48	0	0.0
0.08666666666666667	0.09582222222222224	3.5717497701076426	0.9216666666666666	52	scReadSim-cna_T	11:118001371	52	1	0.019230769230769232
0.025	0.024374999999999997	6.244997973418406	0.975	15	scReadSim-cna_T	11:118657756	15	0	0.0
0.065	0.060775000000000017	3.7927055435869304	0.935	39	scReadSim-cna_T	11:118747911	39	0	0.0
0.09833333333333333	0.09533055555555554	3.1398962654748215	0.905	59	scReadSim-cna_T	11:118791319	59	0	0.0
0.10666666666666667	0.1052888888888889	3.0420233780575927	0.8983333333333333	64	scReadSim-cna_T	11:119023577	64	1	0.015625
0.63	0.6364333333333334	1.2662979663212863	0.535	378	scReadSim-cna_T	11:119024492	378	0	0.0
0.023333333333333334	0.02612222222222222	6.9267302116858165	0.9783333333333334	14	scReadSim-cna_T	11:119024785	14	0	0.0
0.155	0.15097499999999997	2.5068065494127603	0.8533333333333334	93	scReadSim-cna_T	11:119096581	93	0	0.0
0.023333333333333334	0.022788888888888893	6.469709614686531	0.9766666666666667	14	scReadSim-cna_T	11:119096814	14	0	0.0
1.4333333333333333	1.892222222222222	0.9597074549080831	0.2916666666666667	860	scReadSim-cna_T	11:120229811	860	0	0.0
1.1983333333333333	1.505663888888889	1.023967982431582	0.33666666666666667	719	scReadSim-cna_T	11:120229888	719	1	0.0013908205841446453
0.06166666666666667	0.06119722222222222	4.011579288999163	0.94	37	scReadSim-cna_T	11:120230158	37	0	0.0
0.06	0.06306666666666667	4.185512926765782	0.9433333333333334	36	scReadSim-cna_T	11:124884244	36	0	0.0
0.02666666666666667	0.025955555555555555	6.041522964141574	0.9733333333333334	16	scReadSim-cna_T	11:125097259	16	0	0.0
0.065	0.07410833333333335	4.188130116302352	0.9416666666666667	39	scReadSim-cna_T	11:125893851	39	0	0.0
0.055	0.05864166666666667	4.402916631124886	0.9483333333333334	33	scReadSim-cna_T	11:129859423	33	0	0.0
0.02	0.019599999999999996	6.999999964999999	0.98	12	scReadSim-cna_T	11:130210142	12	0	0.0
0.021666666666666667	0.021197222222222218	6.719661132604933	0.9783333333333334	13	scReadSim-cna_T	11:130210170	13	0	0.0
0.03166666666666667	0.03066388888888889	5.5298234307517316	0.9683333333333334	19	scReadSim-cna_T	12:1786206	19	0	0.0
0.08	0.08693333333333332	3.68555739330905	0.9266666666666666	48	scReadSim-cna_T	12:6866342	48	0	0.0
0.33	0.35776666666666673	1.8125333129514236	0.725	198	scReadSim-cna_T	12:7127589	198	0	0.0
0.09166666666666666	0.08326388888888889	3.147870849871557	0.9083333333333333	55	scReadSim-cna_T	12:7128284	55	0	0.0
0.08833333333333333	0.08719722222222223	3.3429255561697118	0.915	53	scReadSim-cna_T	12:7158738	53	0	0.0
0.03833333333333333	0.04019722222222222	5.230237793915849	0.9633333333333334	23	scReadSim-cna_T	12:10116823	23	0	0.0
0.07166666666666667	0.08319722222222221	4.0247342300732765	0.9366666666666666	43	scReadSim-cna_T	12:10116845	43	0	0.0
0.14	0.1404	2.676427711687579	0.8683333333333333	84	scReadSim-cna_T	12:10699173	84	0	0.0
0.021666666666666667	0.021197222222222218	6.719661132604933	0.9783333333333334	13	scReadSim-cna_T	12:14882147	13	0	0.0
1.1316666666666666	1.220997222222222	0.9764248283069117	0.335	679	scReadSim-cna_T	12:16364060	679	5	0.007363770250368188
0.05	0.05083333333333332	4.509249743804394	0.9516666666666667	30	scReadSim-cna_T	12:40368149	30	0	0.0
0.165	0.19110833333333335	2.6494508542834048	0.8566666666666667	99	scReadSim-cna_T	12:48829936	99	0	0.0
0.016666666666666666	0.016388888888888887	7.681145701781733	0.9833333333333333	10	scReadSim-cna_T	12:49558611	10	0	0.0
0.02	0.019599999999999996	6.999999964999999	0.98	12	scReadSim-cna_T	12:49644509	12	0	0.0
3.045	4.369641666666666	0.6864922125357033	0.09	1827	scReadSim-cna_T	12:49764761	1827	5	0.002736726874657909
0.02	0.019599999999999992	6.999999964999999	0.98	12	scReadSim-cna_T	12:54286558	12	0	0.0
0.08166666666666667	0.09166388888888888	3.7072707876152764	0.925	49	scReadSim-cna_T	12:57095865	49	0	0.0
0.04833333333333333	0.04933055555555555	4.595272337473194	0.9533333333333334	29	scReadSim-cna_T	12:57096045	29	0	0.0
0.095	0.08930833333333332	3.1457368266125596	0.9066666666666666	57	scReadSim-cna_T	12:66137052	57	0	0.0
0.028333333333333332	0.02753055555555556	5.856117946642017	0.9716666666666667	17	scReadSim-cna_T	12:75499619	17	0	0.0
0.02	0.019599999999999992	6.999999964999999	0.98	12	scReadSim-cna_T	12:79592094	12	0	0.0
0.3416666666666667	0.3915972222222222	1.8315433002302066	0.7283333333333334	205	scReadSim-cna_T	12:91145898	205	0	0.0
1.1266666666666667	1.6372888888888888	1.1357093773648292	0.37166666666666665	676	scReadSim-cna_T	12:95972733	676	1	0.0014792899408284023
0.22333333333333333	0.27678888888888886	2.3557043178376618	0.8116666666666666	134	scReadSim-cna_T	12:95972991	134	0	0.0
0.11833333333333333	0.12099722222222224	2.939548305860517	0.89	71	scReadSim-cna_T	12:102396074	71	0	0.0
0.03166666666666667	0.03066388888888889	5.5298234307517316	0.9683333333333334	19	scReadSim-cna_T	12:103772465	19	0	0.0
0.07	0.06509999999999999	3.644957372556653	0.93	42	scReadSim-cna_T	12:103947325	42	0	0.0
0.025	0.027708333333333328	6.658328091846079	0.9766666666666667	15	scReadSim-cna_T	12:103951345	15	0	0.0
0.021666666666666667	0.021197222222222218	6.719661132604933	0.9783333333333334	13	scReadSim-cna_T	12:105173353	13	0	0.0
0.016666666666666666	0.016388888888888894	7.681145701781734	0.9833333333333333	10	scReadSim-cna_T	12:106509896	10	0	0.0
0.05	0.05083333333333332	4.509249743804394	0.9516666666666667	30	scReadSim-cna_T	12:109448798	30	0	0.0
0.18166666666666667	0.18199722222222225	2.348319216335814	0.835	109	scReadSim-cna_T	12:109557065	109	0	0.0
0.10333333333333333	0.10932222222222222	3.1997333364692713	0.905	62	scReadSim-cna_T	12:113192144	62	0	0.0
0.016666666666666666	0.01638888888888889	7.681145701781734	0.9833333333333333	10	scReadSim-cna_T	12:113298311	10	0	0.0
0.19333333333333333	0.19928888888888888	2.30905779781024	0.825	116	scReadSim-cna_T	12:120127384	116	0	0.0
0.12166666666666667	0.12353055555555556	2.8887874401301175	0.8866666666666667	73	scReadSim-cna_T	12:120503412	73	1	0.0136986301369863
0.02	0.019599999999999996	6.999999964999999	0.98	12	scReadSim-cna_T	12:121641762	12	0	0.0
0.018333333333333333	0.017997222222222223	7.317475928304944	0.9816666666666667	11	scReadSim-cna_T	12:121857429	11	0	0.0
0.04	0.038400000000000004	4.898979473318907	0.96	24	scReadSim-cna_T	12:122147205	24	0	0.0
0.10666666666666667	0.11195555555555557	3.1368525198916024	0.9016666666666666	64	scReadSim-cna_T	12:122271637	64	0	0.0
1.635	2.078441666666667	0.8817615620741991	0.22666666666666666	981	scReadSim-cna_T	12:132704890	981	5	0.0050968399592252805
0.025	0.024374999999999997	6.244997973418406	0.975	15	scReadSim-cna_T	12:133205019	15	0	0.0
0.018333333333333333	0.017997222222222223	7.317475928304944	0.9816666666666667	11	scReadSim-cna_T	14:20343283	11	0	0.0
0.035	0.03710833333333334	5.503863809516241	0.9666666666666667	21	scReadSim-cna_T	14:20357806	21	0	0.0
0.023333333333333334	0.026122222222222224	6.9267302116858165	0.9783333333333334	14	scReadSim-cna_T	14:21209535	14	0	0.0
0.09166666666666666	0.09326388888888888	3.3315422148762623	0.9133333333333333	55	scReadSim-cna_T	14:21459117	55	0	0.0
0.05	0.050833333333333314	4.509249743804394	0.9516666666666667	30	scReadSim-cna_T	14:22971970	30	0	0.0
0.07	0.07176666666666666	3.8270430441209964	0.9333333333333333	42	scReadSim-cna_T	14:23098565	42	0	0.0
0.02666666666666667	0.029288888888888896	6.41774880243016	0.975	16	scReadSim-cna_T	14:35029237	16	0	0.0
0.035	0.03710833333333333	5.50386380951624	0.9666666666666667	21	scReadSim-cna_T	14:35029279	21	0	0.0
0.08166666666666667	0.07833055555555554	3.427052623444413	0.92	49	scReadSim-cna_T	14:35401887	49	0	0.0
0.05	0.05083333333333332	4.509249743804394	0.9516666666666667	30	scReadSim-cna_T	14:35402011	30	0	0.0
0.045	0.04630833333333334	4.782082460138543	0.9566666666666667	27	scReadSim-cna_T	14:39179425	27	0	0.0
0.041666666666666664	0.04659722222222224	5.1807335263616885	0.9616666666666667	25	scReadSim-cna_T	14:39181720	25	0	0.0
0.22833333333333333	0.24953055555555562	2.1877240938023785	0.805	137	scReadSim-cna_T	14:39350530	137	0	0.0
0.043333333333333335	0.04812222222222222	5.062333337170891	0.96	26	scReadSim-cna_T	14:49625416	26	0	0.0
0.018333333333333333	0.017997222222222223	7.317475928304944	0.9816666666666667	11	scReadSim-cna_T	14:49784075	11	0	0.0
0.03166666666666667	0.030663888888888893	5.5298234307517316	0.9683333333333334	19	scReadSim-cna_T	14:50108690	19	0	0.0
0.03333333333333333	0.032222222222222215	5.385164790979009	0.9666666666666667	20	scReadSim-cna_T	14:50108693	20	0	0.0
0.5016666666666667	0.5333305555555555	1.4557372253376788	0.615	301	scReadSim-cna_T	14:50905385	301	0	0.0
0.09333333333333334	0.10462222222222223	3.4655741307749435	0.9166666666666666	56	scReadSim-cna_T	14:52727701	56	0	0.0
0.08833333333333333	0.09719722222222223	3.529411586201212	0.92	53	scReadSim-cna_T	14:54423634	53	0	0.0
0.03	0.0291	5.686240684123191	0.97	18	scReadSim-cna_T	14:64226188	18	0	0.0
0.023333333333333334	0.026122222222222224	6.9267302116858165	0.9783333333333334	14	scReadSim-cna_T	14:64481771	14	0	0.0
0.22333333333333333	0.23345555555555553	2.1634584482677712	0.805	134	scReadSim-cna_T	14:67677474	134	0	0.0
0.04666666666666667	0.04448888888888888	4.5197977101879685	0.9533333333333334	28	scReadSim-cna_T	14:70584371	28	0	0.0
0.105	0.11064166666666665	3.1678897237947408	0.9033333333333333	63	scReadSim-cna_T	14:73220236	63	0	0.0
0.13333333333333333	0.15555555555555556	2.9580398893312783	0.8866666666666667	80	scReadSim-cna_T	14:74286199	80	0	0.0
0.12166666666666667	0.13353055555555557	3.0034383224249575	0.8916666666666667	73	scReadSim-cna_T	14:75470319	73	0	0.0
0.03166666666666667	0.03399722222222222	5.822632297963545	0.97	19	scReadSim-cna_T	14:77469177	19	1	0.05263157894736842
0.02	0.019599999999999996	6.999999964999999	0.98	12	scReadSim-cna_T	14:88087008	12	0	0.0
0.02	0.019599999999999996	6.999999964999999	0.98	12	scReadSim-cna_T	14:88087009	12	0	0.0
0.03	0.032433333333333335	6.003085606318647	0.9716666666666667	18	scReadSim-cna_T	14:90278202	18	0	0.0
0.4716666666666667	0.5458638888888888	1.5664155912945796	0.6483333333333333	283	scReadSim-cna_T	14:94116589	283	1	0.0035335689045936395
0.24	0.2657333333333333	2.147888712685414	0.7966666666666666	144	scReadSim-cna_T	14:94377118	144	2	0.013888888888888888
0.02	0.019599999999999996	6.999999964999999	0.98	12	scReadSim-cna_T	14:94377481	12	0	0.0
157.18333333333334	4684.133055555556	0.43541974288297225	0.0	94310	scReadSim-cna_T	14:94378506	94310	100	0.001060332944544587
0.20666666666666667	0.20728888888888894	2.2030156220261374	0.815	124	scReadSim-cna_T	14:94592739	124	0	0.0
2.316666666666667	3.156388888888889	0.7668875778517007	0.135	1390	scReadSim-cna_T	14:94593044	1390	3	0.002158273381294964
0.016666666666666666	0.01638888888888889	7.681145701781734	0.9833333333333333	10	scReadSim-cna_T	14:95407329	10	0	0.0
0.028333333333333332	0.02753055555555556	5.856117946642017	0.9716666666666667	17	scReadSim-cna_T	14:100280985	17	0	0.0
0.7966666666666666	0.8953222222222224	1.1877171724435278	0.47333333333333333	478	scReadSim-cna_T	14:100330064	478	1	0.0020920502092050207
0.051666666666666666	0.04899722222222221	4.284254735496762	0.9483333333333334	31	scReadSim-cna_T	14:102342318	31	0	0.0
0.06833333333333333	0.06366388888888887	3.6924444886224888	0.9316666666666666	41	scReadSim-cna_T	14:102348361	41	0	0.0
0.018333333333333333	0.01799722222222222	7.317475928304944	0.9816666666666667	11	scReadSim-cna_T	14:102348608	11	0	0.0
0.3466666666666667	0.36315555555555556	1.7383381503274502	0.7083333333333334	208	scReadSim-cna_T	14:102930718	208	0	0.0
0.03166666666666667	0.03066388888888889	5.5298234307517316	0.9683333333333334	19	scReadSim-cna_T	14:103503572	19	0	0.0
0.06166666666666667	0.06453055555555555	4.119383523901087	0.9416666666666667	37	scReadSim-cna_T	14:103535897	37	0	0.0
0.2633333333333333	0.25398888888888893	1.9138219106862016	0.765	158	scReadSim-cna_T	14:104115423	158	0	0.0
3.0733333333333333	13.101288888888888	1.1777343588596583	0.24333333333333335	1844	scReadSim-cna_T	14:105769274	1844	4	0.0021691973969631237
0.16833333333333333	0.1766638888888889	2.4969150640772	0.8483333333333334	101	scReadSim-cna_T	15:30938987	101	0	0.0
0.21333333333333335	0.23115555555555556	2.253686215456433	0.8166666666666667	128	scReadSim-cna_T	15:30939052	128	0	0.0
0.056666666666666664	0.06012222222222223	4.327029388035357	0.9466666666666667	34	scReadSim-cna_T	15:40035497	34	0	0.0
0.11666666666666667	0.11305555555555555	2.88203442636283	0.8883333333333333	70	scReadSim-cna_T	15:40036374	70	0	0.0
0.028333333333333332	0.02753055555555556	5.856117946642017	0.9716666666666667	17	scReadSim-cna_T	15:40038363	17	0	0.0
0.03666666666666667	0.03532222222222223	5.1256928438428195	0.9633333333333334	22	scReadSim-cna_T	15:40418524	22	2	0.09090909090909091
0.05	0.05083333333333332	4.509249743804394	0.9516666666666667	30	scReadSim-cna_T	15:40814287	30	0	0.0
0.035	0.033775	5.250850256280172	0.965	21	scReadSim-cna_T	15:41503702	21	0	0.0
0.03666666666666667	0.03532222222222223	5.1256928438428195	0.9633333333333334	22	scReadSim-cna_T	15:44712948	22	0	0.0
2.0816666666666666	2.731663888888889	0.7939669830706922	0.17	1249	scReadSim-cna_T	15:44717814	1249	0	0.0
0.1	0.09666666666666668	3.109126347920479	0.9033333333333333	60	scReadSim-cna_T	15:45167366	60	0	0.0
2.46	3.4550666666666667	0.7556020172581991	0.13666666666666666	1476	scReadSim-cna_T	15:45361394	1476	1	0.0006775067750677507
0.37166666666666665	0.40686388888888897	1.716212102157838	0.6966666666666667	223	scReadSim-cna_T	15:45361509	223	2	0.008968609865470852
0.03	0.032433333333333335	6.003085606318647	0.9716666666666667	18	scReadSim-cna_T	15:55359172	18	0	0.0
0.10833333333333334	0.11659722222222219	3.151969419944009	0.9016666666666666	65	scReadSim-cna_T	15:57550469	65	1	0.015384615384615385
1.0666666666666667	1.3022222222222224	1.0698276729386844	0.3933333333333333	640	scReadSim-cna_T	15:58185868	640	2	0.003125
0.09333333333333334	0.11462222222222224	3.6274182605690872	0.9183333333333333	56	scReadSim-cna_T	15:63071702	56	1	0.017857142857142856
0.06333333333333334	0.05932222222222222	3.8457084701660533	0.9366666666666666	38	scReadSim-cna_T	15:63153565	38	0	0.0
0.275	0.28270833333333334	1.933466319411984	0.7633333333333333	165	scReadSim-cna_T	15:63157481	165	0	0.0
0.09166666666666666	0.09326388888888888	3.3315422148762623	0.9133333333333333	55	scReadSim-cna_T	15:73714350	55	0	0.0
0.06	0.06306666666666667	4.185512926765782	0.9433333333333334	36	scReadSim-cna_T	15:73983335	36	0	0.0
0.04833333333333333	0.04599722222222222	4.437302681916048	0.9516666666666667	29	scReadSim-cna_T	15:75658392	29	0	0.0
0.125	0.11604166666666667	2.7251911226158065	0.8783333333333333	75	scReadSim-cna_T	15:78548878	75	0	0.0
0.11833333333333333	0.1176638888888889	2.898774954449176	0.8883333333333333	71	scReadSim-cna_T	15:79899001	71	0	0.0
0.03833333333333333	0.036863888888888884	5.008688090792903	0.9616666666666667	23	scReadSim-cna_T	15:79924758	23	0	0.0
0.14833333333333334	0.14299722222222225	2.5493240557238006	0.86	89	scReadSim-cna_T	15:80180219	89	0	0.0
1.0033333333333334	1.0966555555555555	1.0437341192532283	0.385	602	scReadSim-cna_T	15:80186303	602	0	0.0
0.023333333333333334	0.022788888888888893	6.469709614686531	0.9766666666666667	14	scReadSim-cna_T	15:84895760	14	0	0.0
0.09666666666666666	0.09065555555555556	3.1147304472076804	0.905	58	scReadSim-cna_T	15:90229599	58	1	0.017241379310344827
1.9133333333333333	2.4758222222222224	0.8223734685625157	0.2	1148	scReadSim-cna_T	15:90883330	1148	3	0.002613240418118467
0.095	0.085975	3.0864730307291337	0.905	57	scReadSim-cna_T	15:90931006	57	1	0.017543859649122806
0.18833333333333332	0.18953055555555554	2.3115986091130196	0.83	113	scReadSim-cna_T	15:90954009	113	0	0.0
0.03	0.032433333333333335	6.003085606318647	0.9716666666666667	18	scReadSim-cna_T	15:97973522	18	0	0.0
0.043333333333333335	0.04478888888888889	4.883858197760319	0.9583333333333334	26	scReadSim-cna_T	15:99716413	26	0	0.0
0.03	0.029099999999999994	5.686240684123191	0.97	18	scReadSim-cna_T	15:100547844	18	1	0.05555555555555555
0.06666666666666667	0.07222222222222223	4.0311288681025825	0.9383333333333334	40	scReadSim-cna_T	16:554554	40	0	0.0
0.08833333333333333	0.08719722222222222	3.342925556169711	0.915	53	scReadSim-cna_T	16:717430	53	0	0.0
0.09	0.1019	3.546864373728455	0.92	54	scReadSim-cna_T	16:1228424	54	0	0.0
0.595	0.6409750000000001	1.3455615847997957	0.57	357	scReadSim-cna_T	16:1809149	357	1	0.0028011204481792717
0.6216666666666667	0.6785305555555555	1.3250343081428366	0.56	373	scReadSim-cna_T	16:1809152	373	0	0.0
0.02666666666666667	0.025955555555555558	6.041522964141575	0.9733333333333334	16	scReadSim-cna_T	16:1978401	16	0	0.0
0.08666666666666667	0.08915555555555557	3.4452608693414213	0.9183333333333333	52	scReadSim-cna_T	16:1986047	52	0	0.0
0.10666666666666667	0.11195555555555556	3.136852519891602	0.9016666666666666	64	scReadSim-cna_T	16:1997810	64	0	0.0
0.07833333333333334	0.07886388888888889	3.5850274584097663	0.925	47	scReadSim-cna_T	16:2253352	47	1	0.02127659574468085
0.06333333333333334	0.06598888888888887	4.056047767686444	0.94	38	scReadSim-cna_T	16:2253370	38	0	0.0
0.03666666666666667	0.03865555555555556	5.362095295579241	0.965	22	scReadSim-cna_T	16:4510300	22	1	0.045454545454545456
0.03	0.0291	5.686240684123191	0.97	18	scReadSim-cna_T	16:4510928	18	0	0.0
0.12166666666666667	0.1368638888888889	3.040694775441399	0.8933333333333333	73	scReadSim-cna_T	16:4797168	73	0	0.0
0.03666666666666667	0.03865555555555556	5.362095295579241	0.965	22	scReadSim-cna_T	16:4797316	22	0	0.0
0.055	0.061975000000000016	4.526323367953813	0.95	33	scReadSim-cna_T	16:8853179	33	0	0.0
0.02666666666666667	0.029288888888888896	6.41774880243016	0.975	16	scReadSim-cna_T	16:8853271	16	0	0.0
0.025	0.027708333333333328	6.658328091846079	0.9766666666666667	15	scReadSim-cna_T	16:10483438	15	0	0.0
0.035	0.033775	5.250850256280172	0.965	21	scReadSim-cna_T	16:11548386	21	0	0.0
0.07	0.06843333333333333	3.737109358134306	0.9316666666666666	42	scReadSim-cna_T	16:15038117	42	0	0.0
1.0283333333333333	1.3941972222222223	1.1482281580047928	0.42333333333333334	617	scReadSim-cna_T	16:20486757	617	2	0.0032414910858995136
0.02666666666666667	0.025955555555555558	6.041522964141575	0.9733333333333334	16	scReadSim-cna_T	16:23669844	16	0	0.0
0.06166666666666667	0.06453055555555556	4.119383523901088	0.9416666666666667	37	scReadSim-cna_T	16:27221459	37	0	0.0
0.13833333333333334	0.15919722222222224	2.884303125008092	0.88	83	scReadSim-cna_T	16:27221697	83	0	0.0
0.26166666666666666	0.2765305555555555	2.009662648850669	0.7733333333333333	157	scReadSim-cna_T	16:27225082	157	0	0.0
0.03166666666666667	0.03066388888888889	5.5298234307517316	0.9683333333333334	19	scReadSim-cna_T	16:27364466	19	0	0.0
0.08333333333333333	0.09305555555555554	3.6606010391519046	0.925	50	scReadSim-cna_T	16:28499524	50	0	0.0
0.205	0.22964166666666672	2.337606917799608	0.8266666666666667	123	scReadSim-cna_T	16:28592014	123	0	0.0
0.205	0.22964166666666672	2.337606917799608	0.8266666666666667	123	scReadSim-cna_T	16:28592021	123	0	0.0
0.07833333333333334	0.08886388888888888	3.8055378816572456	0.93	47	scReadSim-cna_T	16:28592334	47	0	0.0
0.775	0.8477083333333334	1.1880139045666143	0.475	465	scReadSim-cna_T	16:28605736	465	0	0.0
0.385	0.42010833333333336	1.6835263513369123	0.6816666666666666	231	scReadSim-cna_T	16:28605807	231	1	0.004329004329004329
0.051666666666666666	0.04899722222222221	4.284254735496762	0.9483333333333334	31	scReadSim-cna_T	16:31382858	31	0	0.0
0.33166666666666667	0.3183305555555556	1.7011293492484785	0.71	199	scReadSim-cna_T	16:56361585	199	1	0.005025125628140704
0.03333333333333333	0.032222222222222215	5.385164790979009	0.9666666666666667	20	scReadSim-cna_T	16:56477333	20	0	0.0
0.051666666666666666	0.04899722222222222	4.284254735496762	0.9483333333333334	31	scReadSim-cna_T	16:56639916	31	0	0.0
13.933333333333334	54.378888888888895	0.5292491116127719	0.0016666666666666668	8360	scReadSim-cna_T	16:56666810	8360	22	0.002631578947368421
5.435	11.959108333333333	0.6362823136439149	0.028333333333333332	3261	scReadSim-cna_T	16:56666995	3261	6	0.0018399264029438822
0.023333333333333334	0.022788888888888893	6.469709614686531	0.9766666666666667	14	scReadSim-cna_T	16:57083493	14	0	0.0
0.018333333333333333	0.02133055555555556	7.966354826709253	0.9833333333333333	11	scReadSim-cna_T	16:57689327	11	0	0.0
0.025	0.024374999999999997	6.244997973418406	0.975	15	scReadSim-cna_T	16:57758221	15	0	0.0
0.23333333333333334	0.2322222222222222	2.0652617555150248	0.7916666666666666	140	scReadSim-cna_T	16:58707463	140	0	0.0
0.03833333333333333	0.04019722222222222	5.230237793915849	0.9633333333333334	23	scReadSim-cna_T	16:67148096	23	0	0.0
0.02	0.019599999999999996	6.999999964999999	0.98	12	scReadSim-cna_T	16:69941457	12	0	0.0
0.04666666666666667	0.04782222222222221	4.686062694774643	0.955	28	scReadSim-cna_T	16:72024982	28	0	0.0
0.03333333333333333	0.032222222222222215	5.385164790979009	0.9666666666666667	20	scReadSim-cna_T	16:72025250	20	0	0.0
0.021666666666666667	0.024530555555555555	7.228723081393685	0.98	13	scReadSim-cna_T	16:72112542	13	0	0.0
0.06333333333333334	0.06932222222222223	4.157228454376524	0.9416666666666667	38	scReadSim-cna_T	16:72112671	38	0	0.0
0.025	0.024374999999999997	6.244997973418406	0.975	15	scReadSim-cna_T	16:75294018	15	0	0.0
0.04666666666666667	0.04782222222222221	4.686062694774643	0.955	28	scReadSim-cna_T	16:81082228	28	0	0.0
0.04666666666666667	0.04782222222222221	4.686062694774643	0.955	28	scReadSim-cna_T	16:81082237	28	0	0.0
1.6083333333333334	2.151597222222222	0.9120201307219271	0.25833333333333336	965	scReadSim-cna_T	16:81082405	965	1	0.0010362694300518134
0.051666666666666666	0.05233055555555555	4.427588271890786	0.95	31	scReadSim-cna_T	16:82148193	31	0	0.0
0.025	0.024374999999999997	6.244997973418406	0.975	15	scReadSim-cna_T	16:83915901	15	0	0.0
0.09166666666666666	0.09326388888888888	3.3315422148762623	0.9133333333333333	55	scReadSim-cna_T	16:83916160	55	0	0.0
0.055	0.061975	4.526323367953813	0.95	33	scReadSim-cna_T	16:84178502	33	0	0.0
0.225	0.214375	2.0578065743578784	0.795	135	scReadSim-cna_T	16:88643304	135	0	0.0
0.47333333333333333	0.46595555555555546	1.4421324770102766	0.6183333333333333	284	scReadSim-cna_T	16:88643329	284	2	0.007042253521126761
0.6766666666666666	0.7654555555555554	1.2929603484473686	0.5316666666666666	406	scReadSim-cna_T	16:88643420	406	2	0.0049261083743842365
0.016666666666666666	0.01638888888888889	7.681145701781734	0.9833333333333333	10	scReadSim-cna_T	16:88651945	10	0	0.0
0.055	0.055308333333333334	4.2759497763640155	0.9466666666666667	33	scReadSim-cna_T	16:88813787	33	0	0.0
0.06833333333333333	0.07033055555555554	3.8809622378566133	0.935	41	scReadSim-cna_T	16:88813828	41	0	0.0
0.08666666666666667	0.08582222222222222	3.380241925748926	0.9166666666666666	52	scReadSim-cna_T	16:89561052	52	11	0.21153846153846154
0.16	0.1644	2.5341418650053225	0.855	96	scReadSim-cna_T	16:89561263	96	0	0.0
0.4066666666666667	0.47128888888888887	1.6881266437627231	0.6783333333333333	244	scReadSim-cna_T	16:89563328	244	0	0.0
0.37166666666666665	0.39353055555555555	1.6878568731211008	0.695	223	scReadSim-cna_T	16:89563372	223	0	0.0
0.195	0.19364166666666666	2.2566530549326536	0.8216666666666667	117	scReadSim-cna_T	16:89563411	117	0	0.0
0.028333333333333332	0.027530555555555558	5.856117946642016	0.9716666666666667	17	scReadSim-cna_T	17:28394876	17	0	0.0
0.05	0.05083333333333332	4.509249743804394	0.9516666666666667	30	scReadSim-cna_T	17:28860771	30	0	0.0
0.03166666666666667	0.03066388888888889	5.5298234307517316	0.9683333333333334	19	scReadSim-cna_T	17:29261788	19	0	0.0
0.05	0.05749999999999999	4.795831513721056	0.9533333333333334	30	scReadSim-cna_T	17:36105271	30	0	0.0
0.03833333333333333	0.03686388888888889	5.008688090792904	0.9616666666666667	23	scReadSim-cna_T	17:38733306	23	1	0.043478260869565216
0.19166666666666668	0.19493055555555558	2.303527334267656	0.8283333333333334	115	scReadSim-cna_T	17:40019209	115	1	0.008695652173913044
0.05333333333333334	0.05715555555555555	4.482605260855391	0.95	32	scReadSim-cna_T	17:41867214	32	0	0.0
0.135	0.136775	2.739489201708133	0.875	81	scReadSim-cna_T	17:42313598	81	0	0.0
0.03833333333333333	0.03686388888888889	5.008688090792904	0.9616666666666667	23	scReadSim-cna_T	17:45151932	23	0	0.0
0.04833333333333333	0.04599722222222222	4.437302681916048	0.9516666666666667	29	scReadSim-cna_T	17:46941877	29	1	0.034482758620689655
0.2816666666666667	0.29233055555555554	1.919559823632521	0.7583333333333333	169	scReadSim-cna_T	17:47981705	169	0	0.0
0.2	0.2166666666666667	2.3273733394644704	0.8283333333333334	120	scReadSim-cna_T	17:49404181	120	0	0.0
0.06166666666666667	0.061197222222222236	4.0115792889991635	0.94	37	scReadSim-cna_T	17:49599620	37	0	0.0
0.051666666666666666	0.05233055555555555	4.427588271890786	0.95	31	scReadSim-cna_T	17:54961293	31	0	0.0
0.035	0.033775	5.250850256280172	0.965	21	scReadSim-cna_T	17:54961384	21	0	0.0
0.07	0.0751	3.914911310420047	0.935	42	scReadSim-cna_T	17:54962122	42	0	0.0
0.028333333333333332	0.02753055555555556	5.856117946642017	0.9716666666666667	17	scReadSim-cna_T	17:57006572	17	0	0.0
0.06833333333333333	0.0769972222222222	4.060737553915474	0.9383333333333334	41	scReadSim-cna_T	17:64322640	41	0	0.0
0.05	0.05083333333333332	4.509249743804394	0.9516666666666667	30	scReadSim-cna_T	17:64323215	30	0	0.0
0.058333333333333334	0.06159722222222221	4.254649310373581	0.945	35	scReadSim-cna_T	17:68256954	35	0	0.0
0.73	0.8470999999999999	1.2607950082617683	0.505	438	scReadSim-cna_T	17:68532637	438	0	0.0
0.043333333333333335	0.04478888888888888	4.883858197760318	0.9583333333333334	26	scReadSim-cna_T	17:68974804	26	0	0.0
0.056666666666666664	0.06012222222222223	4.327029388035357	0.9466666666666667	34	scReadSim-cna_T	17:74450469	34	0	0.0
0.135	0.1334416666666667	2.7059013541175854	0.8733333333333333	81	scReadSim-cna_T	17:74451561	81	0	0.0
0.06	0.05973333333333334	4.073400610949524	0.9416666666666667	36	scReadSim-cna_T	17:74451611	36	0	0.0
0.051666666666666666	0.05233055555555555	4.427588271890786	0.95	31	scReadSim-cna_T	17:74451622	31	0	0.0
0.22833333333333333	0.2295305555555556	2.0982195874193774	0.7966666666666666	137	scReadSim-cna_T	17:74769076	137	1	0.0072992700729927005
0.14	0.16706666666666664	2.919556389527808	0.8816666666666667	84	scReadSim-cna_T	17:74862678	84	1	0.011904761904761904
0.018333333333333333	0.017997222222222223	7.317475928304944	0.9816666666666667	11	scReadSim-cna_T	17:75776775	11	0	0.0
0.021666666666666667	0.021197222222222218	6.719661132604933	0.9783333333333334	13	scReadSim-cna_T	17:75825549	13	0	0.0
0.016666666666666666	0.016388888888888894	7.681145701781734	0.9833333333333333	10	scReadSim-cna_T	17:76039462	10	0	0.0
0.016666666666666666	0.01638888888888889	7.681145701781734	0.9833333333333333	10	scReadSim-cna_T	17:76081416	10	0	0.0
0.021666666666666667	0.021197222222222218	6.719661132604933	0.9783333333333334	13	scReadSim-cna_T	17:76270929	13	0	0.0
0.043333333333333335	0.04812222222222221	5.06233333717089	0.96	26	scReadSim-cna_T	17:76470935	26	0	0.0
0.12333333333333334	0.12145555555555555	2.8257141262101495	0.8816666666666667	74	scReadSim-cna_T	17:77500378	74	0	0.0
0.195	0.19030833333333333	2.237145812034527	0.8216666666666667	117	scReadSim-cna_T	17:78207571	117	0	0.0
0.11166666666666666	0.11253055555555555	3.00408127849241	0.895	67	scReadSim-cna_T	17:80999968	67	1	0.014925373134328358
0.14	0.16039999999999996	2.8607120543138884	0.8766666666666667	84	scReadSim-cna_T	17:81681336	84	0	0.0
0.07333333333333333	0.08462222222222222	3.9668043999127995	0.9333333333333333	44	scReadSim-cna_T	17:81681497	44	0	0.0
0.15666666666666668	0.16545555555555558	2.596355001583251	0.8583333333333333	94	scReadSim-cna_T	17:81720657	94	0	0.0
0.4116666666666667	0.45553055555555555	1.6395061636337822	0.6716666666666666	247	scReadSim-cna_T	17:81720823	247	0	0.0
0.5483333333333333	0.6243305555555556	1.440995576205767	0.6	329	scReadSim-cna_T	17:81720863	329	0	0.0
3.395	5.622308333333334	0.6984214209125409	0.07833333333333334	2037	scReadSim-cna_T	17:81843412	2037	2	0.0009818360333824251
0.5783333333333334	0.633863888888889	1.376638087153142	0.58	347	scReadSim-cna_T	17:82101611	347	3	0.008645533141210375
0.35	0.36083333333333334	1.7162686938848852	0.7066666666666667	210	scReadSim-cna_T	17:82101720	210	0	0.0
0.04666666666666667	0.04782222222222221	4.686062694774643	0.955	28	scReadSim-cna_T	17:82321536	28	0	0.0
0.03666666666666667	0.03865555555555556	5.362095295579241	0.965	22	scReadSim-cna_T	17:82321552	22	0	0.0
0.19333333333333333	0.23928888888888888	2.5301981128766755	0.8416666666666667	116	scReadSim-cna_T	17:82614752	116	0	0.0
0.028333333333333332	0.02753055555555556	5.856117946642017	0.9716666666666667	17	scReadSim-cna_T	17:82657414	17	0	0.0
0.041666666666666664	0.039930555555555566	4.795831511802724	0.9583333333333334	25	scReadSim-cna_T	17:82727779	25	0	0.0
0.045	0.042975000000000006	4.606758310124511	0.955	27	scReadSim-cna_T	17:82727784	27	0	0.0
0.016666666666666666	0.019722222222222224	8.42614972261946	0.985	10	scReadSim-cna_T	17:82941405	10	0	0.0
0.04833333333333333	0.04933055555555555	4.595272337473194	0.9533333333333334	29	scReadSim-cna_T	18:3066946	29	0	0.0
0.64	0.7404	1.34447654755861	0.5466666666666666	384	scReadSim-cna_T	18:3256114	384	3	0.0078125
0.03333333333333333	0.032222222222222215	5.385164790979009	0.9666666666666667	20	scReadSim-cna_T	18:5239337	20	0	0.0
0.04833333333333333	0.04599722222222222	4.437302681916048	0.9516666666666667	29	scReadSim-cna_T	18:5246399	29	0	0.0
0.08166666666666667	0.08166388888888887	3.4992115449154144	0.9216666666666666	49	scReadSim-cna_T	18:9255720	49	1	0.02040816326530612
0.055	0.05864166666666667	4.402916631124886	0.9483333333333334	33	scReadSim-cna_T	18:9255984	33	0	0.0
0.035	0.033775	5.250850256280172	0.965	21	scReadSim-cna_T	18:24453297	21	0	0.0
0.16	0.1644	2.5341418650053225	0.8533333333333334	96	scReadSim-cna_T	18:27951104	96	0	0.0
0.025	0.024374999999999994	6.244997973418404	0.975	15	scReadSim-cna_T	18:31548609	15	0	0.0
0.04	0.04173333333333333	5.107184469246892	0.9616666666666667	24	scReadSim-cna_T	18:35468437	24	0	0.0
0.043333333333333335	0.044788888888888885	4.883858197760319	0.9583333333333334	26	scReadSim-cna_T	18:45983711	26	0	0.0
0.10166666666666667	0.10799722222222222	3.2324194219512847	0.9066666666666666	61	scReadSim-cna_T	18:54154874	61	0	0.0
0.07833333333333334	0.08553055555555555	3.7334817983132322	0.9283333333333333	47	scReadSim-cna_T	18:57483039	47	0	0.0
0.018333333333333333	0.01799722222222222	7.317475928304944	0.9816666666666667	11	scReadSim-cna_T	18:58449913	11	0	0.0
0.38333333333333336	0.3763888888888889	1.6004488969134445	0.6816666666666666	230	scReadSim-cna_T	18:58451261	230	0	0.0
0.26	0.27573333333333333	2.019627554865806	0.775	156	scReadSim-cna_T	18:58451767	156	1	0.00641025641025641
0.15333333333333332	0.16315555555555558	2.6342946869256534	0.8633333333333333	92	scReadSim-cna_T	18:74584901	92	0	0.0
0.03333333333333333	0.032222222222222215	5.385164790979009	0.9666666666666667	20	scReadSim-cna_T	18:79364141	20	0	0.0
0.09166666666666666	0.08993055555555554	3.271464399239599	0.9116666666666666	55	scReadSim-cna_T	18:79970600	55	1	0.01818181818181818
0.02666666666666667	0.025955555555555558	6.041522964141575	0.9733333333333334	16	scReadSim-cna_T	18:79970807	16	0	0.0
0.365	0.381775	1.692820377833024	0.7	219	scReadSim-cna_T	19:416834	219	0	0.0
0.08833333333333333	0.09053055555555557	3.406222183641603	0.915	53	scReadSim-cna_T	19:416963	53	0	0.0
0.04833333333333333	0.04933055555555555	4.595272337473194	0.9533333333333334	29	scReadSim-cna_T	19:541685	29	0	0.0
0.043333333333333335	0.04145555555555556	4.698608621180273	0.9566666666666667	26	scReadSim-cna_T	19:549725	26	0	0.0
0.043333333333333335	0.04145555555555556	4.698608621180273	0.9566666666666667	26	scReadSim-cna_T	19:549728	26	0	0.0
0.49333333333333335	0.5532888888888889	1.507771443275071	0.62	296	scReadSim-cna_T	19:583418	296	0	0.0
0.12166666666666667	0.1268638888888889	2.9275033450090695	0.8883333333333333	73	scReadSim-cna_T	19:683221	73	0	0.0
0.035	0.03710833333333333	5.50386380951624	0.9666666666666667	21	scReadSim-cna_T	19:994557	21	0	0.0
0.32166666666666666	0.3215305555555555	1.762808218912947	0.7266666666666667	193	scReadSim-cna_T	19:1009884	193	0	0.0
0.44166666666666665	0.48993055555555554	1.5847933469644775	0.655	265	scReadSim-cna_T	19:1088286	265	0	0.0
0.5516666666666666	0.6106638888888889	1.416525431750236	0.595	331	scReadSim-cna_T	19:1244519	331	1	0.0030211480362537764
0.105	0.10730833333333333	3.11980482453858	0.9	63	scReadSim-cna_T	19:1852495	63	0	0.0
0.11666666666666667	0.12305555555555554	3.0067950231154885	0.8933333333333333	70	scReadSim-cna_T	19:1852583	70	0	0.0
0.03833333333333333	0.04019722222222222	5.230237793915849	0.9633333333333334	23	scReadSim-cna_T	19:1925943	23	0	0.0
0.021666666666666667	0.021197222222222218	6.719661132604933	0.9783333333333334	13	scReadSim-cna_T	19:1925971	13	0	0.0
0.07	0.07176666666666667	3.8270430441209973	0.9333333333333333	42	scReadSim-cna_T	19:2233483	42	0	0.0
0.028333333333333332	0.030863888888888896	6.2005134070188745	0.9733333333333334	17	scReadSim-cna_T	19:3053576	17	0	0.0
0.06166666666666667	0.061197222222222236	4.0115792889991635	0.94	37	scReadSim-cna_T	19:3209269	37	0	0.0
0.03333333333333333	0.03555555555555555	5.656854232521816	0.9683333333333334	20	scReadSim-cna_T	19:3750692	20	0	0.0
0.8533333333333334	1.1384888888888887	1.2503905638373793	0.46166666666666667	512	scReadSim-cna_T	19:3976323	512	0	0.0
0.30666666666666664	0.3026222222222222	1.7938405425347257	0.7333333333333333	184	scReadSim-cna_T	19:4445076	184	0	0.0
0.33166666666666667	0.37166388888888896	1.838117870021191	0.7333333333333333	199	scReadSim-cna_T	19:4445159	199	0	0.0
0.03333333333333333	0.032222222222222215	5.385164790979009	0.9666666666666667	20	scReadSim-cna_T	19:4816148	20	0	0.0
46.29833333333333	431.13933055555555	0.44848039625288183	0.0	27779	scReadSim-cna_T	19:6677978	27779	33	0.0011879477302998668
0.051666666666666666	0.04899722222222221	4.284254735496762	0.9483333333333334	31	scReadSim-cna_T	19:7647391	31	0	0.0
0.06833333333333333	0.06366388888888887	3.6924444886224888	0.9316666666666666	41	scReadSim-cna_T	19:7769388	41	0	0.0
0.016666666666666666	0.01638888888888889	7.681145701781734	0.9833333333333333	10	scReadSim-cna_T	19:7864804	10	0	0.0
0.03166666666666667	0.03066388888888889	5.5298234307517316	0.9683333333333334	19	scReadSim-cna_T	19:7913545	19	0	0.0
0.04666666666666667	0.04782222222222221	4.686062694774643	0.955	28	scReadSim-cna_T	19:8374583	28	0	0.0
0.17166666666666666	0.18553055555555556	2.5091218243362503	0.8483333333333334	103	scReadSim-cna_T	19:8521202	103	1	0.009708737864077669
0.075	0.07937500000000001	3.7564758848529145	0.93	45	scReadSim-cna_T	19:10259768	45	0	0.0
0.15166666666666667	0.15199722222222226	2.5705596335880863	0.86	91	scReadSim-cna_T	19:10286547	91	1	0.01098901098901099
0.058333333333333334	0.06493055555555556	4.3682528072031825	0.945	35	scReadSim-cna_T	19:11132484	35	0	0.0
0.03666666666666667	0.035322222222222234	5.12569284384282	0.9633333333333334	22	scReadSim-cna_T	19:11132652	22	0	0.0
0.10833333333333334	0.11326388888888889	3.1065877673337146	0.9	65	scReadSim-cna_T	19:11553253	65	0	0.0
0.085	0.08444166666666669	3.418688035612723	0.9183333333333333	51	scReadSim-cna_T	19:13774210	51	0	0.0
0.10833333333333334	0.1065972222222222	3.0137750778580124	0.8966666666666666	65	scReadSim-cna_T	19:14471656	65	0	0.0
0.155	0.19430833333333333	2.8438979938606113	0.8683333333333333	93	scReadSim-cna_T	19:15659890	93	0	0.0
0.19666666666666666	0.20798888888888892	2.318938923476437	0.825	118	scReadSim-cna_T	19:15659974	118	0	0.0
0.028333333333333332	0.02753055555555556	5.856117946642017	0.9716666666666667	17	scReadSim-cna_T	19:15660998	17	0	0.0
0.028333333333333332	0.02753055555555556	5.856117946642017	0.9716666666666667	17	scReadSim-cna_T	19:15661001	17	0	0.0
0.028333333333333332	0.027530555555555558	5.856117946642016	0.9716666666666667	17	scReadSim-cna_T	19:15661161	17	0	0.0
0.028333333333333332	0.027530555555555558	5.856117946642016	0.9716666666666667	17	scReadSim-cna_T	19:15661168	17	0	0.0
0.028333333333333332	0.030863888888888896	6.2005134070188745	0.9733333333333334	17	scReadSim-cna_T	19:15661423	17	0	0.0
0.07666666666666666	0.07745555555555556	3.63010932720189	0.9266666666666666	46	scReadSim-cna_T	19:15661567	46	0	0.0
0.06166666666666667	0.061197222222222236	4.0115792889991635	0.94	37	scReadSim-cna_T	19:15661907	37	0	0.0
0.09	0.08523333333333333	3.2438609281953408	0.9116666666666666	54	scReadSim-cna_T	19:15661928	54	1	0.018518518518518517
0.25	0.2608333333333333	2.042873791988792	0.7833333333333333	150	scReadSim-cna_T	19:15662529	150	0	0.0
0.058333333333333334	0.06159722222222221	4.254649310373581	0.945	35	scReadSim-cna_T	19:15912508	35	0	0.0
0.058333333333333334	0.06159722222222221	4.254649310373581	0.945	35	scReadSim-cna_T	19:15912567	35	0	0.0
0.058333333333333334	0.06159722222222221	4.254649310373581	0.945	35	scReadSim-cna_T	19:15912568	35	0	0.0
0.05	0.05083333333333332	4.509249743804394	0.9516666666666667	30	scReadSim-cna_T	19:16235011	30	1	0.03333333333333333
0.16666666666666666	0.17555555555555558	2.5139610164869306	0.8516666666666667	100	scReadSim-cna_T	19:16518039	100	0	0.0
1.66	2.0643999999999996	0.8655433761243315	0.22	996	scReadSim-cna_T	19:17403117	996	0	0.0
0.08833333333333333	0.08053055555555556	3.212593141624595	0.9116666666666666	53	scReadSim-cna_T	19:18013946	53	0	0.0
0.025	0.024374999999999997	6.244997973418406	0.975	15	scReadSim-cna_T	19:18196658	15	0	0.0
0.19666666666666666	0.2013222222222222	2.2814717766929675	0.825	118	scReadSim-cna_T	19:18388974	118	0	0.0
0.22833333333333333	0.2295305555555556	2.0982195874193774	0.7966666666666666	137	scReadSim-cna_T	19:18389005	137	0	0.0
0.19833333333333333	0.2056638888888889	2.286563731267912	0.8233333333333334	119	scReadSim-cna_T	19:18389048	119	0	0.0
0.03833333333333333	0.03686388888888889	5.008688090792904	0.9616666666666667	23	scReadSim-cna_T	19:18391268	23	0	0.0
5.743333333333333	12.697455555555555	0.6204321980496982	0.03	3446	scReadSim-cna_T	19:18575154	3446	7	0.0020313406848520023
0.355	0.378975	1.7341111378733125	0.71	213	scReadSim-cna_T	19:18592267	213	1	0.004694835680751174
0.055	0.05864166666666667	4.402916631124886	0.9483333333333334	33	scReadSim-cna_T	19:19176993	33	0	0.0
0.04	0.03840000000000001	4.898979473318908	0.96	24	scReadSim-cna_T	19:19177092	24	0	0.0
0.03833333333333333	0.04019722222222222	5.230237793915849	0.9633333333333334	23	scReadSim-cna_T	19:19358487	23	1	0.043478260869565216
0.03333333333333333	0.032222222222222215	5.385164790979009	0.9666666666666667	20	scReadSim-cna_T	19:29615752	20	0	0.0
0.02666666666666667	0.025955555555555558	6.041522964141575	0.9733333333333334	16	scReadSim-cna_T	19:32978621	16	0	0.0
0.19666666666666666	0.19132222222222223	2.2240879194391874	0.82	118	scReadSim-cna_T	19:35169767	118	0	0.0
0.021666666666666667	0.021197222222222218	6.719661132604933	0.9783333333333334	13	scReadSim-cna_T	19:35279389	13	0	0.0
0.26	0.2724	2.0073828224125276	0.78	156	scReadSim-cna_T	19:35279568	156	0	0.0
0.06	0.06973333333333334	4.401178286073227	0.9466666666666667	36	scReadSim-cna_T	19:38328823	36	0	0.0
0.10666666666666667	0.12195555555555555	3.2739502103578704	0.905	64	scReadSim-cna_T	19:38730543	64	1	0.015625
0.215	0.23544166666666663	2.256852632834278	0.8166666666666667	129	scReadSim-cna_T	19:38878729	129	0	0.0
0.04	0.038400000000000004	4.898979473318907	0.96	24	scReadSim-cna_T	19:39397750	24	0	0.0
0.06666666666666667	0.06555555555555558	3.8405728681734455	0.935	40	scReadSim-cna_T	19:39400521	40	0	0.0
0.03333333333333333	0.032222222222222215	5.385164790979009	0.9666666666666667	20	scReadSim-cna_T	19:39539030	20	0	0.0
0.05	0.054166666666666655	4.654746671946819	0.9533333333333334	30	scReadSim-cna_T	19:40440938	30	0	0.0
0.043333333333333335	0.04145555555555555	4.698608621180273	0.9566666666666667	26	scReadSim-cna_T	19:40441073	26	0	0.0
0.018333333333333333	0.017997222222222223	7.317475928304944	0.9816666666666667	11	scReadSim-cna_T	19:40591370	11	0	0.0
0.08333333333333333	0.09305555555555554	3.6606010391519046	0.925	50	scReadSim-cna_T	19:40629570	50	1	0.02
1.5916666666666666	1.8915972222222217	0.8640964334003561	0.23333333333333334	955	scReadSim-cna_T	19:41018248	955	0	0.0
0.03833333333333333	0.04019722222222222	5.230237793915849	0.9633333333333334	23	scReadSim-cna_T	19:43731365	23	0	0.0
0.028333333333333332	0.02753055555555556	5.856117946642017	0.9716666666666667	17	scReadSim-cna_T	19:43731383	17	0	0.0
0.04	0.0384	4.8989794733189065	0.96	24	scReadSim-cna_T	19:44888997	24	0	0.0
0.07833333333333334	0.07553055555555555	3.508445474445894	0.9233333333333333	47	scReadSim-cna_T	19:44903416	47	1	0.02127659574468085
0.03	0.029099999999999994	5.686240684123191	0.97	18	scReadSim-cna_T	19:44908684	18	0	0.0
0.10833333333333334	0.09993055555555552	2.918011803212705	0.8933333333333333	65	scReadSim-cna_T	19:44949078	65	2	0.03076923076923077
0.04	0.03840000000000001	4.898979473318908	0.96	24	scReadSim-cna_T	19:45407414	24	0	0.0
0.03833333333333333	0.04019722222222222	5.230237793915849	0.9633333333333334	23	scReadSim-cna_T	19:45549196	23	1	0.043478260869565216
0.075	0.079375	3.756475884852914	0.93	45	scReadSim-cna_T	19:46390553	45	0	0.0
0.09333333333333334	0.09795555555555555	3.3533413090658493	0.9133333333333333	56	scReadSim-cna_T	19:47275600	56	0	0.0
0.11666666666666667	0.11638888888888888	2.9242127818447776	0.89	70	scReadSim-cna_T	19:47871158	70	0	0.0
0.37333333333333335	0.4239555555555556	1.7440679337554923	0.7	224	scReadSim-cna_T	19:47871294	224	1	0.004464285714285714
0.5483333333333333	0.557663888888889	1.361888691921252	0.5816666666666667	329	scReadSim-cna_T	19:48382661	329	1	0.00303951367781155
0.1	0.11	3.316624787038775	0.9083333333333333	60	scReadSim-cna_T	19:49976502	60	0	0.0
0.05333333333333334	0.05048888888888888	4.213074878688663	0.9466666666666667	32	scReadSim-cna_T	19:49976742	32	0	0.0
0.03166666666666667	0.030663888888888893	5.5298234307517316	0.9683333333333334	19	scReadSim-cna_T	19:50482835	19	0	0.0
0.195	0.246975	2.548542529931365	0.84	117	scReadSim-cna_T	19:51371696	117	0	0.0
0.05	0.04749999999999999	4.358898934822874	0.95	30	scReadSim-cna_T	19:54106385	30	0	0.0
0.05	0.04749999999999999	4.358898934822874	0.95	30	scReadSim-cna_T	19:54106439	30	0	0.0
0.23166666666666666	0.22799722222222224	2.0611102727907884	0.7916666666666666	139	scReadSim-cna_T	19:55226779	139	0	0.0
0.03333333333333333	0.03555555555555555	5.656854232521816	0.9683333333333334	20	scReadSim-cna_T	19:55227057	20	0	0.0
0.12333333333333334	0.1247888888888889	2.864227361730232	0.8833333333333333	74	scReadSim-cna_T	19:55229837	74	0	0.0
0.19333333333333333	0.1826222222222222	2.2103959313446015	0.82	116	scReadSim-cna_T	19:56087463	116	0	0.0
0.04833333333333333	0.052663888888888885	4.747989113314535	0.955	29	scReadSim-cna_T	2:3189027	29	0	0.0
1.645	2.0489749999999995	0.8701666358417365	0.245	987	scReadSim-cna_T	2:3498537	987	2	0.002026342451874367
0.05333333333333334	0.057155555555555564	4.482605260855392	0.95	32	scReadSim-cna_T	2:3580793	32	0	0.0
0.055	0.061975000000000016	4.526323367953813	0.95	33	scReadSim-cna_T	2:10002174	33	0	0.0
0.045	0.04630833333333335	4.782082460138544	0.9566666666666667	27	scReadSim-cna_T	2:10002203	27	0	0.0
0.028333333333333332	0.030863888888888896	6.2005134070188745	0.9733333333333334	17	scReadSim-cna_T	2:11181754	17	0	0.0
0.075	0.08270833333333334	3.8345408674955896	0.9316666666666666	45	scReadSim-cna_T	2:20586415	45	0	0.0
0.05333333333333334	0.05382222222222223	4.349928152170214	0.9483333333333334	32	scReadSim-cna_T	2:27100517	32	0	0.0
0.655	0.6926416666666666	1.2706121582065029	0.5233333333333333	393	scReadSim-cna_T	2:31334403	393	1	0.002544529262086514
0.665	0.692775	1.2516256598723945	0.5266666666666666	399	scReadSim-cna_T	2:31334442	399	0	0.0
0.5233333333333333	0.5394555555555556	1.403458054300433	0.6016666666666667	314	scReadSim-cna_T	2:31334481	314	2	0.006369426751592357
0.051666666666666666	0.05233055555555555	4.427588271890786	0.95	31	scReadSim-cna_T	2:31335440	31	0	0.0
0.07	0.07176666666666667	3.8270430441209973	0.9333333333333333	42	scReadSim-cna_T	2:39249341	42	0	0.0
0.19333333333333333	0.18928888888888887	2.250379805595973	0.8233333333333334	116	scReadSim-cna_T	2:42767344	116	0	0.0
0.06833333333333333	0.06699722222222221	3.787876330691619	0.9333333333333333	41	scReadSim-cna_T	2:44318877	41	0	0.0
0.16166666666666665	0.16219722222222224	2.49115770590154	0.8516666666666667	97	scReadSim-cna_T	2:44320770	97	0	0.0
0.02	0.019599999999999996	6.999999964999999	0.98	12	scReadSim-cna_T	2:46624894	12	0	0.0
0.04666666666666667	0.051155555555555544	4.846627262096476	0.9566666666666667	28	scReadSim-cna_T	2:53971158	28	0	0.0
0.07	0.06843333333333333	3.737109358134306	0.9316666666666666	42	scReadSim-cna_T	2:55548588	42	0	0.0
0.025	0.024374999999999997	6.244997973418406	0.975	15	scReadSim-cna_T	2:69643169	15	0	0.0
0.055	0.07864166666666667	5.098749364748961	0.9533333333333334	33	scReadSim-cna_T	2:73729997	33	0	0.0
0.07666666666666666	0.08412222222222221	3.7831084078340274	0.93	46	scReadSim-cna_T	2:73958749	46	0	0.0
0.17166666666666666	0.16886388888888892	2.393769994076106	0.84	103	scReadSim-cna_T	2:74969604	103	0	0.0
0.07833333333333334	0.08886388888888891	3.8055378816572465	0.93	47	scReadSim-cna_T	2:87756945	47	0	0.0
0.09333333333333334	0.09128888888888888	3.2372197661385957	0.91	56	scReadSim-cna_T	2:88027302	56	0	0.0
0.705	1.2113083333333332	1.5611270016224845	0.5933333333333334	423	scReadSim-cna_T	2:88857435	423	1	0.002364066193853428
0.02666666666666667	0.032622222222222226	6.773108566672876	0.9766666666666667	16	scReadSim-cna_T	2:97739787	16	0	0.0
0.051666666666666666	0.04899722222222221	4.284254735496762	0.9483333333333334	31	scReadSim-cna_T	2:97756543	31	0	0.0
0.06666666666666667	0.06888888888888889	3.9370039311004	0.9366666666666666	40	scReadSim-cna_T	2:99361585	40	1	0.025
0.10333333333333333	0.10265555555555556	3.100636029901792	0.9016666666666666	62	scReadSim-cna_T	2:105099808	62	0	0.0
0.23333333333333334	0.23555555555555552	2.0800313960458485	0.79	140	scReadSim-cna_T	2:113133835	140	0	0.0
0.025	0.024374999999999997	6.244997973418406	0.975	15	scReadSim-cna_T	2:121338064	15	0	0.0
0.03666666666666667	0.04865555555555557	6.015819349617113	0.9683333333333334	22	scReadSim-cna_T	2:128192319	22	0	0.0
0.17	0.18110000000000004	2.5032850374631517	0.8466666666666667	102	scReadSim-cna_T	2:130346476	102	0	0.0
0.22333333333333333	0.24345555555555554	2.209308159601256	0.805	134	scReadSim-cna_T	2:135784989	134	0	0.0
0.21333333333333335	0.2378222222222222	2.2859540530380333	0.815	128	scReadSim-cna_T	2:135784990	128	1	0.0078125
0.09333333333333334	0.09128888888888889	3.2372197661385957	0.91	56	scReadSim-cna_T	2:138014348	56	0	0.0
0.018333333333333333	0.017997222222222223	7.317475928304944	0.9816666666666667	11	scReadSim-cna_T	2:138016068	11	0	0.0
0.051666666666666666	0.048997222222222206	4.284254735496761	0.9483333333333334	31	scReadSim-cna_T	2:138016182	31	0	0.0
0.03166666666666667	0.03399722222222223	5.822632297963545	0.97	19	scReadSim-cna_T	2:138573096	19	0	0.0
0.03	0.0291	5.686240684123191	0.97	18	scReadSim-cna_T	2:159235894	18	0	0.0
0.03833333333333333	0.04019722222222222	5.230237793915849	0.9633333333333334	23	scReadSim-cna_T	2:168864871	23	0	0.0
0.028333333333333332	0.030863888888888892	6.200513407018874	0.9733333333333334	17	scReadSim-cna_T	2:174434179	17	0	0.0
0.051666666666666666	0.05233055555555555	4.427588271890786	0.95	31	scReadSim-cna_T	2:177220409	31	0	0.0
0.07833333333333334	0.08553055555555555	3.7334817983132322	0.9283333333333333	47	scReadSim-cna_T	2:189770417	47	0	0.0
0.028333333333333332	0.030863888888888896	6.2005134070188745	0.9733333333333334	17	scReadSim-cna_T	2:189771313	17	0	0.0
0.20833333333333334	0.22493055555555552	2.276488522928436	0.8183333333333334	125	scReadSim-cna_T	2:190204708	125	0	0.0
0.21333333333333335	0.22115555555555555	2.2043990100352375	0.8116666666666666	128	scReadSim-cna_T	2:190204750	128	0	0.0
0.09333333333333334	0.09128888888888888	3.2372197661385957	0.91	56	scReadSim-cna_T	2:190204963	56	0	0.0
0.20833333333333334	0.1915972222222222	2.1010473568585204	0.805	125	scReadSim-cna_T	2:191425212	125	0	0.0
0.16	0.16773333333333335	2.559703757301463	0.855	96	scReadSim-cna_T	2:203434060	96	0	0.0
0.115	0.121775	3.0344586819551207	0.895	69	scReadSim-cna_T	2:206114956	69	0	0.0
0.13333333333333333	0.1588888888888889	2.9895651835331756	0.885	80	scReadSim-cna_T	2:210678677	80	0	0.0
0.08666666666666667	0.0824888888888889	3.3139475697974476	0.915	52	scReadSim-cna_T	2:216206043	52	0	0.0
0.3016666666666667	0.35399722222222213	1.972298309418126	0.7583333333333333	181	scReadSim-cna_T	2:217799910	181	0	0.0
0.03833333333333333	0.04019722222222222	5.230237793915849	0.9633333333333334	23	scReadSim-cna_T	2:235055489	23	0	0.0
0.08833333333333333	0.0838638888888889	3.278407080252997	0.9133333333333333	53	scReadSim-cna_T	2:237324109	53	0	0.0
0.04666666666666667	0.05115555555555555	4.846627262096476	0.9566666666666667	28	scReadSim-cna_T	2:237553681	28	0	0.0
0.3616666666666667	0.3541972222222222	1.6455614012770696	0.6933333333333334	217	scReadSim-cna_T	2:237574521	217	0	0.0
0.17333333333333334	0.16995555555555555	2.3784038192032755	0.84	104	scReadSim-cna_T	2:237574619	104	1	0.009615384615384616
0.085	0.087775	3.485511282258351	0.92	51	scReadSim-cna_T	2:237574688	51	0	0.0
2.705	3.851308333333333	0.7254990953225301	0.10333333333333333	1623	scReadSim-cna_T	2:240878862	1623	0	0.0
2.033333333333333	2.7022222222222223	0.8084477380545323	0.16166666666666665	1220	scReadSim-cna_T	2:240879110	1220	2	0.001639344262295082
0.07333333333333333	0.0812888888888889	3.8878917729425293	0.9333333333333333	44	scReadSim-cna_T	2:240880379	44	0	0.0
0.04	0.041733333333333344	5.107184469246893	0.9616666666666667	24	scReadSim-cna_T	2:240981558	24	0	0.0
0.03666666666666667	0.035322222222222234	5.12569284384282	0.9633333333333334	22	scReadSim-cna_T	2:240981657	22	0	0.0
0.065	0.060775000000000017	3.7927055435869304	0.935	39	scReadSim-cna_T	2:241095731	39	0	0.0
0.16	0.1644	2.5341418650053225	0.855	96	scReadSim-cna_T	2:241182976	96	0	0.0
0.20833333333333334	0.20159722222222218	2.1551798058493845	0.8083333333333333	125	scReadSim-cna_T	2:241495187	125	0	0.0
0.028333333333333332	0.02753055555555556	5.856117946642017	0.9716666666666667	17	scReadSim-cna_T	2:241495394	17	0	0.0
0.035	0.033775	5.250850256280172	0.965	21	scReadSim-cna_T	2:241573734	21	0	0.0
0.2966666666666667	0.31198888888888887	1.8827853553955372	0.745	178	scReadSim-cna_T	2:241672519	178	0	0.0
0.058333333333333334	0.05826388888888888	4.137928095180762	0.9433333333333334	35	scReadSim-cna_T	2:241673674	35	0	0.0
0.07333333333333333	0.0712888888888889	3.640906248580726	0.9283333333333333	44	scReadSim-cna_T	2:241673718	44	0	0.0
0.021666666666666667	0.024530555555555552	7.228723081393685	0.98	13	scReadSim-cna_T	2:241675757	13	0	0.0
0.028333333333333332	0.03419722222222223	6.52676149527918	0.975	17	scReadSim-cna_T	2:241676047	17	0	0.0
0.03333333333333333	0.03555555555555555	5.656854232521816	0.9683333333333334	20	scReadSim-cna_T	2:241768418	20	0	0.0
0.2633333333333333	0.2739888888888889	1.9877448587938886	0.7733333333333333	158	scReadSim-cna_T	2:241768747	158	0	0.0
0.185	0.19077499999999997	2.3609620291844475	0.835	111	scReadSim-cna_T	2:241768770	111	0	0.0
0.02	0.02293333333333333	7.5718777565409745	0.9816666666666667	12	scReadSim-cna_T	20:435505	12	0	0.0
0.03	0.0291	5.686240684123191	0.97	18	scReadSim-cna_T	20:436312	18	0	0.0
0.065	0.060775000000000017	3.7927055435869304	0.935	39	scReadSim-cna_T	20:3687178	39	0	0.0
0.03833333333333333	0.04019722222222222	5.230237793915849	0.9633333333333334	23	scReadSim-cna_T	20:3874335	23	0	0.0
0.05333333333333334	0.057155555555555564	4.482605260855392	0.95	32	scReadSim-cna_T	20:5546530	32	0	0.0
0.22	0.22826666666666667	2.1716936798818263	0.8033333333333333	132	scReadSim-cna_T	20:7883352	132	0	0.0
0.08666666666666667	0.09915555555555555	3.633343281536771	0.9216666666666666	52	scReadSim-cna_T	20:7981481	52	0	0.0
0.045	0.049641666666666674	4.951202195752884	0.9583333333333334	27	scReadSim-cna_T	20:10405365	27	0	0.0
0.025	0.027708333333333335	6.65832809184608	0.9766666666666667	15	scReadSim-cna_T	20:10405411	15	0	0.0
0.06833333333333333	0.06699722222222221	3.787876330691619	0.9333333333333333	41	scReadSim-cna_T	20:13168981	41	0	0.0
0.02	0.019599999999999992	6.999999964999999	0.98	12	scReadSim-cna_T	20:17990910	12	0	0.0
0.05333333333333334	0.053822222222222216	4.349928152170213	0.9483333333333334	32	scReadSim-cna_T	20:21389808	32	0	0.0
0.05	0.054166666666666655	4.654746671946819	0.9533333333333334	30	scReadSim-cna_T	20:25226438	30	0	0.0
0.035	0.04044166666666667	5.745746709830471	0.9683333333333334	21	scReadSim-cna_T	20:25297964	21	0	0.0
0.055	0.05864166666666667	4.402916631124886	0.9483333333333334	33	scReadSim-cna_T	20:25452900	33	0	0.0
0.26166666666666666	0.3098638888888889	2.127340858334693	0.7816666666666666	157	scReadSim-cna_T	20:35002555	157	1	0.006369426751592357
0.185	0.23410833333333328	2.6153914998987586	0.8483333333333334	111	scReadSim-cna_T	20:35002614	111	2	0.018018018018018018
0.30833333333333335	0.3299305555555555	1.862905354562376	0.7433333333333333	185	scReadSim-cna_T	20:35278950	185	0	0.0
0.095	0.085975	3.0864730307291337	0.905	57	scReadSim-cna_T	20:36045977	57	0	0.0
0.02666666666666667	0.025955555555555558	6.041522964141575	0.9733333333333334	16	scReadSim-cna_T	20:36232725	16	0	0.0
0.043333333333333335	0.04145555555555555	4.698608621180273	0.9566666666666667	26	scReadSim-cna_T	20:36528445	26	0	0.0
0.29833333333333334	0.30266388888888895	1.8440747582348256	0.7433333333333333	179	scReadSim-cna_T	20:37236651	179	1	0.00558659217877095
0.03333333333333333	0.032222222222222215	5.385164790979009	0.9666666666666667	20	scReadSim-cna_T	20:37316940	20	0	0.0
0.055	0.05197500000000001	4.145095670710007	0.945	33	scReadSim-cna_T	20:37316993	33	0	0.0
0.02666666666666667	0.032622222222222226	6.773108566672876	0.9766666666666667	16	scReadSim-cna_T	20:44907814	16	0	0.0
1.665	2.2061083333333333	0.8920705037619959	0.23	999	scReadSim-cna_T	20:45325418	999	1	0.001001001001001001
0.04666666666666667	0.04448888888888888	4.5197977101879685	0.9533333333333334	28	scReadSim-cna_T	20:45325763	28	0	0.0
0.043333333333333335	0.04145555555555555	4.698608621180273	0.9566666666666667	26	scReadSim-cna_T	20:45325767	26	0	0.0
0.025	0.024374999999999997	6.244997973418406	0.975	15	scReadSim-cna_T	20:45367240	15	0	0.0
0.04	0.04173333333333334	5.107184469246893	0.9616666666666667	24	scReadSim-cna_T	20:46686707	24	0	0.0
0.10833333333333334	0.10993055555555555	3.0605332685714712	0.8983333333333333	65	scReadSim-cna_T	20:49096526	65	1	0.015384615384615385
0.03666666666666667	0.0419888888888889	5.588506489959959	0.9666666666666667	22	scReadSim-cna_T	20:51597010	22	0	0.0
0.045	0.04964166666666667	4.951202195752883	0.9583333333333334	27	scReadSim-cna_T	20:56404115	27	0	0.0
0.21	0.18923333333333336	2.071474182054563	0.8016666666666666	126	scReadSim-cna_T	20:56518845	126	0	0.0
0.9683333333333334	1.080663888888889	1.0735454551319739	0.3983333333333333	581	scReadSim-cna_T	20:57566163	581	1	0.0017211703958691911
0.07833333333333334	0.07553055555555555	3.508445474445894	0.9233333333333333	47	scReadSim-cna_T	20:58715649	47	0	0.0
0.115	0.10510833333333336	2.81916655222601	0.8866666666666667	69	scReadSim-cna_T	20:58715790	69	0	0.0
0.035	0.04044166666666667	5.745746709830471	0.9683333333333334	21	scReadSim-cna_T	20:58994761	21	0	0.0
0.49	0.5498999999999999	1.513372296953386	0.6316666666666667	294	scReadSim-cna_T	20:62388438	294	0	0.0
0.1	0.11	3.316624787038775	0.9083333333333333	60	scReadSim-cna_T	20:62945425	60	0	0.0
0.035	0.04044166666666667	5.745746709830471	0.9683333333333334	21	scReadSim-cna_T	20:62969425	21	0	0.0
0.18833333333333332	0.1961972222222222	2.3519020671497692	0.8316666666666667	113	scReadSim-cna_T	21:17569905	113	0	0.0
0.05	0.05083333333333332	4.509249743804394	0.9516666666666667	30	scReadSim-cna_T	21:29345880	30	0	0.0
0.11166666666666666	0.10919722222222224	2.9592539959301667	0.8933333333333333	67	scReadSim-cna_T	21:34142817	67	0	0.0
0.22833333333333333	0.23953055555555555	2.143439076301654	0.8	137	scReadSim-cna_T	21:37065463	137	0	0.0
0.165	0.177775	2.5553559215039483	0.8533333333333334	99	scReadSim-cna_T	21:38823540	99	0	0.0
0.165	0.1711083333333333	2.5069844263011305	0.8516666666666667	99	scReadSim-cna_T	21:39342552	99	0	0.0
0.025	0.024374999999999994	6.244997973418404	0.975	15	scReadSim-cna_T	21:41885354	15	0	0.0
0.20166666666666666	0.21099722222222222	2.2777405252711107	0.8233333333333334	121	scReadSim-cna_T	21:43756077	121	0	0.0
0.051666666666666666	0.055663888888888874	4.566424988121809	0.9516666666666667	31	scReadSim-cna_T	21:43762120	31	0	0.0
0.04666666666666667	0.05115555555555555	4.846627262096476	0.9566666666666667	28	scReadSim-cna_T	21:43762183	28	0	0.0
0.18833333333333332	0.18286388888888888	2.270579865550457	0.8266666666666667	113	scReadSim-cna_T	21:44849838	113	1	0.008849557522123894
0.043333333333333335	0.044788888888888885	4.883858197760319	0.9583333333333334	26	scReadSim-cna_T	21:46129596	26	0	0.0
0.05333333333333334	0.05382222222222223	4.349928152170214	0.9483333333333334	32	scReadSim-cna_T	21:46129655	32	0	0.0
0.051666666666666666	0.04899722222222221	4.284254735496762	0.9483333333333334	31	scReadSim-cna_T	21:46129715	31	0	0.0
0.6166666666666667	0.6863888888888888	1.3434906507698736	0.5566666666666666	370	scReadSim-cna_T	21:46132710	370	0	0.0
7.405	19.084308333333333	0.5899472070564848	0.006666666666666667	4443	scReadSim-cna_T	21:46136879	4443	12	0.0027008777852802163
7.241666666666666	17.38326388888889	0.575740964668542	0.005	4345	scReadSim-cna_T	21:46136895	4345	9	0.0020713463751438435
0.043333333333333335	0.041455555555555544	4.698608621180272	0.9566666666666667	26	scReadSim-cna_T	21:46137308	26	0	0.0
0.051666666666666666	0.05233055555555555	4.427588271890786	0.95	31	scReadSim-cna_T	21:46138559	31	0	0.0
0.06	0.05973333333333334	4.073400610949524	0.9416666666666667	36	scReadSim-cna_T	21:46188666	36	0	0.0
0.05333333333333334	0.05048888888888888	4.213074878688663	0.9466666666666667	32	scReadSim-cna_T	21:46635690	32	0	0.0
0.056666666666666664	0.06345555555555556	4.445362258016202	0.9483333333333334	34	scReadSim-cna_T	21:46664908	34	0	0.0
0.26666666666666666	0.30555555555555564	2.0728904931947914	0.775	160	scReadSim-cna_T	22:19523195	160	1	0.00625
0.06833333333333333	0.06366388888888887	3.6924444886224888	0.9316666666666666	41	scReadSim-cna_T	22:19523349	41	0	0.0
0.02666666666666667	0.025955555555555558	6.041522964141575	0.9733333333333334	16	scReadSim-cna_T	22:20889399	16	0	0.0
1.0466666666666666	1.9344888888888887	1.3288462232132003	0.45166666666666666	628	scReadSim-cna_T	22:22901301	628	0	0.0
0.055	0.05197500000000001	4.145095670710007	0.945	33	scReadSim-cna_T	22:29259427	33	0	0.0
0.035	0.03710833333333333	5.50386380951624	0.9666666666666667	21	scReadSim-cna_T	22:30027755	21	0	0.0
0.395	0.41230833333333333	1.6256010104716347	0.68	237	scReadSim-cna_T	22:30423640	237	0	0.0
0.7366666666666667	0.8606555555555553	1.2593419465523548	0.51	442	scReadSim-cna_T	22:30423770	442	2	0.004524886877828055
0.06666666666666667	0.0688888888888889	3.9370039311004	0.9366666666666666	40	scReadSim-cna_T	22:31206786	40	0	0.0
0.195	0.21030833333333335	2.351763410826683	0.83	117	scReadSim-cna_T	22:35666124	117	0	0.0
0.06833333333333333	0.07366388888888888	3.971867153710484	0.935	41	scReadSim-cna_T	22:35668367	41	0	0.0
0.06666666666666667	0.06555555555555558	3.8405728681734455	0.935	40	scReadSim-cna_T	22:37633288	40	0	0.0
0.03666666666666667	0.035322222222222234	5.12569284384282	0.9633333333333334	22	scReadSim-cna_T	22:37655992	22	0	0.0
0.03166666666666667	0.03399722222222223	5.822632297963545	0.97	19	scReadSim-cna_T	22:38216204	19	0	0.0
0.08666666666666667	0.09582222222222224	3.5717497701076426	0.9216666666666666	52	scReadSim-cna_T	22:38216365	52	0	0.0
0.043333333333333335	0.044788888888888885	4.883858197760319	0.9583333333333334	26	scReadSim-cna_T	22:38219529	26	0	0.0
0.3466666666666667	0.3564888888888889	1.7223083789306721	0.7066666666666667	208	scReadSim-cna_T	22:38483683	208	0	0.0
0.05	0.04749999999999999	4.358898934822874	0.95	30	scReadSim-cna_T	22:38684240	30	0	0.0
0.8	0.9666666666666667	1.2289901001590948	0.4766666666666667	480	scReadSim-cna_T	22:38734838	480	0	0.0
0.4533333333333333	0.5311555555555555	1.6076563135164075	0.6583333333333333	272	scReadSim-cna_T	22:38734959	272	1	0.003676470588235294
0.43166666666666664	0.5053305555555555	1.646793961490174	0.6716666666666666	259	scReadSim-cna_T	22:38734966	259	0	0.0
0.29333333333333333	0.34395555555555557	1.999354233908136	0.7633333333333333	176	scReadSim-cna_T	22:40824752	176	1	0.005681818181818182
0.02666666666666667	0.025955555555555558	6.041522964141575	0.9733333333333334	16	scReadSim-cna_T	22:43162920	16	0	0.0
0.11	0.10790000000000001	2.9861941255865223	0.895	66	scReadSim-cna_T	22:43162966	66	0	0.0
0.415	0.4461083333333333	1.6094299214013987	0.665	249	scReadSim-cna_T	22:43163131	249	0	0.0
0.12333333333333334	0.13812222222222223	3.0133620104737284	0.8916666666666667	74	scReadSim-cna_T	22:43166699	74	0	0.0
0.045	0.042975000000000006	4.606758310124511	0.955	27	scReadSim-cna_T	22:43947089	27	0	0.0
0.08333333333333333	0.08305555555555555	3.458323289008129	0.92	50	scReadSim-cna_T	22:43947271	50	0	0.0
0.02666666666666667	0.025955555555555555	6.041522964141574	0.9733333333333334	16	scReadSim-cna_T	22:45187725	16	0	0.0
0.14166666666666666	0.14159722222222224	2.656193387507543	0.8683333333333333	85	scReadSim-cna_T	22:45187859	85	0	0.0
0.115	0.12177500000000002	3.0344586819551207	0.895	69	scReadSim-cna_T	22:45187922	69	0	0.0
0.07166666666666667	0.07319722222222222	3.775114203657376	0.9316666666666666	43	scReadSim-cna_T	22:49963768	43	0	0.0
0.04833333333333333	0.04599722222222222	4.437302681916048	0.9516666666666667	29	scReadSim-cna_T	22:50199168	29	0	0.0
0.185	0.20744166666666666	2.461933216533446	0.8416666666666667	111	scReadSim-cna_T	22:50199493	111	0	0.0
0.06166666666666667	0.0678638888888889	4.224437577009329	0.9433333333333334	37	scReadSim-cna_T	22:50523425	37	0	0.0
1.2216666666666667	1.4658638888888889	0.9910466522848068	0.305	733	scReadSim-cna_T	22:50525807	733	1	0.001364256480218281
0.041666666666666664	0.0432638888888889	4.991993577758691	0.96	25	scReadSim-cna_T	22:50578965	25	0	0.0
0.17833333333333334	0.17653055555555555	2.3560115568103437	0.8366666666666667	107	scReadSim-cna_T	22:50579047	107	0	0.0
0.105	0.103975	3.070967108958361	0.9	63	scReadSim-cna_T	22:50579085	63	0	0.0
0.02666666666666667	0.025955555555555555	6.041522964141574	0.9733333333333334	16	scReadSim-cna_T	3:4361469	16	1	0.0625
0.06	0.05973333333333334	4.073400610949524	0.9416666666666667	36	scReadSim-cna_T	3:9780230	36	0	0.0
0.055	0.051975	4.145095670710007	0.945	33	scReadSim-cna_T	3:12898047	33	0	0.0
0.06333333333333334	0.06932222222222223	4.157228454376524	0.94	38	scReadSim-cna_T	3:13316486	38	0	0.0
0.021666666666666667	0.021197222222222215	6.719661132604933	0.9783333333333334	13	scReadSim-cna_T	3:15264363	13	0	0.0
0.03166666666666667	0.03066388888888889	5.5298234307517316	0.9683333333333334	19	scReadSim-cna_T	3:15264388	19	0	0.0
0.023333333333333334	0.022788888888888893	6.469709614686531	0.9766666666666667	14	scReadSim-cna_T	3:16260452	14	0	0.0
0.021666666666666667	0.021197222222222218	6.719661132604933	0.9783333333333334	13	scReadSim-cna_T	3:32996691	13	0	0.0
0.03	0.032433333333333335	6.003085606318647	0.9716666666666667	18	scReadSim-cna_T	3:33144864	18	0	0.0
0.105	0.11397499999999998	3.2152555825368605	0.905	63	scReadSim-cna_T	3:37053188	63	1	0.015873015873015872
0.051666666666666666	0.05233055555555555	4.427588271890786	0.95	31	scReadSim-cna_T	3:39096591	31	0	0.0
0.02666666666666667	0.025955555555555558	6.041522964141575	0.9733333333333334	16	scReadSim-cna_T	3:39396830	16	0	0.0
0.08	0.08026666666666667	3.5414215557191864	0.9233333333333333	48	scReadSim-cna_T	3:42537370	48	0	0.0
0.03166666666666667	0.030663888888888893	5.5298234307517316	0.9683333333333334	19	scReadSim-cna_T	3:42638508	19	0	0.0
0.045	0.04630833333333334	4.782082460138543	0.9566666666666667	27	scReadSim-cna_T	3:43719642	27	0	0.0
0.041666666666666664	0.03993055555555557	4.795831511802725	0.9583333333333334	25	scReadSim-cna_T	3:46670360	25	0	0.0
0.04	0.04173333333333334	5.107184469246893	0.9616666666666667	24	scReadSim-cna_T	3:50354037	24	0	0.0
0.115	0.11844166666666668	2.9926395713203124	0.8933333333333333	69	scReadSim-cna_T	3:52791569	69	0	0.0
0.17833333333333334	0.18319722222222223	2.4000866130984475	0.84	107	scReadSim-cna_T	3:52820455	107	0	0.0
0.17666666666666667	0.18212222222222224	2.4156102029722235	0.8416666666666667	106	scReadSim-cna_T	3:52820519	106	1	0.009433962264150943
0.04	0.038400000000000004	4.898979473318907	0.96	24	scReadSim-cna_T	3:52847349	24	0	0.0
0.03666666666666667	0.0419888888888889	5.588506489959959	0.9666666666666667	22	scReadSim-cna_T	3:53091569	22	0	0.0
0.115	0.11844166666666668	2.9926395713203124	0.8933333333333333	69	scReadSim-cna_T	3:53816448	69	0	0.0
0.051666666666666666	0.05233055555555555	4.427588271890786	0.95	31	scReadSim-cna_T	3:56620294	31	0	0.0
0.04	0.03840000000000001	4.898979473318908	0.96	24	scReadSim-cna_T	3:58294362	24	0	0.0
0.15	0.14416666666666667	2.5312857205112578	0.8583333333333333	90	scReadSim-cna_T	3:58294584	90	0	0.0
0.155	0.14430833333333332	2.450834623045034	0.8516666666666667	93	scReadSim-cna_T	3:58294679	93	0	0.0
0.09166666666666666	0.09993055555555556	3.4485594032180553	0.915	55	scReadSim-cna_T	3:58427678	55	0	0.0
0.30833333333333335	0.3232638888888888	1.8439881186901317	0.7366666666666667	185	scReadSim-cna_T	3:58427738	185	0	0.0
0.07	0.06509999999999999	3.644957372556653	0.93	42	scReadSim-cna_T	3:58427935	42	0	0.0
0.021666666666666667	0.021197222222222218	6.719661132604933	0.9783333333333334	13	scReadSim-cna_T	3:67375539	13	0	0.0
0.018333333333333333	0.017997222222222223	7.317475928304944	0.9816666666666667	11	scReadSim-cna_T	3:67375559	11	0	0.0
0.10666666666666667	0.1052888888888889	3.0420233780575927	0.8983333333333333	64	scReadSim-cna_T	3:87255411	64	0	0.0
0.085	0.08444166666666669	3.418688035612723	0.9183333333333333	51	scReadSim-cna_T	3:93874275	51	0	0.0
0.056666666666666664	0.056788888888888896	4.205368122394087	0.945	34	scReadSim-cna_T	3:98579756	34	0	0.0
0.06833333333333333	0.0769972222222222	4.060737553915474	0.9383333333333334	41	scReadSim-cna_T	3:98795197	41	0	0.0
0.02666666666666667	0.025955555555555558	6.041522964141575	0.9733333333333334	16	scReadSim-cna_T	3:98796317	16	0	0.0
0.07666666666666666	0.07078888888888889	3.47037148291819	0.9233333333333333	46	scReadSim-cna_T	3:105576617	46	0	0.0
0.08	0.08693333333333332	3.68555739330905	0.9266666666666666	48	scReadSim-cna_T	3:119629739	48	0	0.0
0.043333333333333335	0.04145555555555555	4.698608621180273	0.9566666666666667	26	scReadSim-cna_T	3:122574926	26	0	0.0
0.07	0.07176666666666667	3.8270430441209973	0.9333333333333333	42	scReadSim-cna_T	3:126437817	42	0	0.0
0.09	0.0919	3.3683347498627656	0.9133333333333333	54	scReadSim-cna_T	3:126481303	54	2	0.037037037037037035
0.095	0.09264166666666665	3.2039045858443775	0.9083333333333333	57	scReadSim-cna_T	3:126481448	57	0	0.0
0.025	0.031041666666666665	7.047458142432158	0.9783333333333334	15	scReadSim-cna_T	3:126481560	15	0	0.0
0.15666666666666668	0.1487888888888889	2.4621167733049063	0.8516666666666667	94	scReadSim-cna_T	3:126543249	94	0	0.0
0.06166666666666667	0.06119722222222222	4.011579288999163	0.94	37	scReadSim-cna_T	3:129555520	37	0	0.0
0.06166666666666667	0.061197222222222236	4.0115792889991635	0.94	37	scReadSim-cna_T	3:132538903	37	0	0.0
0.028333333333333332	0.02753055555555556	5.856117946642017	0.9716666666666667	17	scReadSim-cna_T	3:132676967	17	0	0.0
0.42333333333333334	0.49078888888888883	1.6548738549874802	0.6783333333333333	254	scReadSim-cna_T	3:133775510	254	0	0.0
0.043333333333333335	0.04145555555555556	4.698608621180273	0.9566666666666667	26	scReadSim-cna_T	3:134355888	26	0	0.0
0.08	0.0836	3.61420806918248	0.925	48	scReadSim-cna_T	3:138494450	48	1	0.020833333333333332
0.043333333333333335	0.048122222222222226	5.062333337170891	0.96	26	scReadSim-cna_T	3:143060452	26	0	0.0
0.3433333333333333	0.3454555555555556	1.7119068138717706	0.7133333333333334	206	scReadSim-cna_T	3:148742913	206	0	0.0
0.058333333333333334	0.054930555555555545	4.017817453233808	0.9416666666666667	35	scReadSim-cna_T	3:149027449	35	1	0.02857142857142857
1.0233333333333334	1.2227888888888887	1.0805842198252087	0.38333333333333336	614	scReadSim-cna_T	3:149172945	614	0	0.0
0.16833333333333333	0.1666638888888889	2.4252171572559127	0.845	101	scReadSim-cna_T	3:150542155	101	0	0.0
0.09833333333333333	0.09866388888888888	3.1943195024178683	0.9066666666666666	59	scReadSim-cna_T	3:172505586	59	0	0.0
0.29	0.31589999999999996	1.9381028264208466	0.7516666666666667	174	scReadSim-cna_T	3:172505830	174	0	0.0
0.295	0.3346416666666667	1.960956641587041	0.7533333333333333	177	scReadSim-cna_T	3:172505837	177	0	0.0
0.2816666666666667	0.3089972222222222	1.9735213691121805	0.765	169	scReadSim-cna_T	3:172505900	169	0	0.0
0.043333333333333335	0.04478888888888889	4.883858197760319	0.9583333333333334	26	scReadSim-cna_T	3:177021010	26	0	0.0
0.025	0.024375	6.244997973418406	0.975	15	scReadSim-cna_T	3:179394877	15	0	0.0
0.041666666666666664	0.0432638888888889	4.991993577758691	0.96	25	scReadSim-cna_T	3:183920057	25	0	0.0
0.02666666666666667	0.025955555555555558	6.041522964141575	0.9733333333333334	16	scReadSim-cna_T	3:184372478	16	0	0.0
0.03166666666666667	0.03066388888888889	5.5298234307517316	0.9683333333333334	19	scReadSim-cna_T	3:185488929	19	0	0.0
2.6083333333333334	3.8615972222222217	0.7533909433900946	0.12666666666666668	1565	scReadSim-cna_T	3:186743560	1565	1	0.0006389776357827476
0.105	0.10064166666666666	3.0213400711263776	0.8983333333333333	63	scReadSim-cna_T	3:187217525	63	0	0.0
0.07833333333333334	0.07553055555555556	3.508445474445894	0.9233333333333333	47	scReadSim-cna_T	3:187217538	47	0	0.0
0.775	0.8143750000000002	1.1644222997065292	0.4683333333333333	465	scReadSim-cna_T	3:190305763	465	0	0.0
0.13333333333333333	0.13888888888888887	2.795084969778423	0.8766666666666667	80	scReadSim-cna_T	3:190306048	80	0	0.0
0.058333333333333334	0.054930555555555545	4.017817453233808	0.9416666666666667	35	scReadSim-cna_T	3:190306399	35	0	0.0
0.13833333333333334	0.1358638888888889	2.6645580021236137	0.87	83	scReadSim-cna_T	3:190308016	83	0	0.0
0.016666666666666666	0.016388888888888887	7.681145701781733	0.9833333333333333	10	scReadSim-cna_T	3:191394437	10	0	0.0
0.016666666666666666	0.01638888888888889	7.681145701781734	0.9833333333333333	10	scReadSim-cna_T	3:193694883	10	0	0.0
0.056666666666666664	0.05345555555555556	4.080080730178643	0.9433333333333334	34	scReadSim-cna_T	3:194640947	34	0	0.0
0.05	0.04749999999999999	4.358898934822874	0.95	30	scReadSim-cna_T	3:194640985	30	0	0.0
0.045	0.042975000000000006	4.606758310124511	0.955	27	scReadSim-cna_T	3:194641039	27	0	0.0
0.08	0.09693333333333333	3.8917648047471665	0.93	48	scReadSim-cna_T	3:195514593	48	0	0.0
0.035	0.037108333333333327	5.50386380951624	0.9666666666666667	21	scReadSim-cna_T	4:1693082	21	0	0.0
0.08666666666666667	0.07915555555555556	3.2462996648710685	0.9133333333333333	52	scReadSim-cna_T	4:2250447	52	0	0.0
0.10166666666666667	0.09466388888888888	3.0263112049146614	0.9	61	scReadSim-cna_T	4:3432055	61	0	0.0
0.22666666666666666	0.24528888888888892	2.184999187431119	0.8033333333333333	136	scReadSim-cna_T	4:3448159	136	1	0.007352941176470588
0.3	0.30666666666666664	1.845916413366489	0.74	180	scReadSim-cna_T	4:3512812	180	0	0.0
0.023333333333333334	0.022788888888888893	6.469709614686531	0.9766666666666667	14	scReadSim-cna_T	4:4235838	14	0	0.0
0.04	0.04173333333333334	5.107184469246893	0.9616666666666667	24	scReadSim-cna_T	4:8366877	24	0	0.0
0.021666666666666667	0.021197222222222215	6.719661132604933	0.9783333333333334	13	scReadSim-cna_T	4:16161642	13	0	0.0
0.03	0.0291	5.686240684123191	0.97	18	scReadSim-cna_T	4:16161863	18	0	0.0
0.03666666666666667	0.03865555555555556	5.362095295579241	0.965	22	scReadSim-cna_T	4:24800790	22	0	0.0
0.023333333333333334	0.022788888888888893	6.469709614686531	0.9766666666666667	14	scReadSim-cna_T	4:27023875	14	0	0.0
0.09833333333333333	0.10533055555555554	3.3004748347315047	0.91	59	scReadSim-cna_T	4:38700816	59	0	0.0
0.12333333333333334	0.1347888888888889	2.976778888252491	0.8883333333333333	74	scReadSim-cna_T	4:38944804	74	0	0.0
0.03166666666666667	0.03399722222222223	5.822632297963545	0.97	19	scReadSim-cna_T	4:39287688	19	0	0.0
0.13666666666666666	0.13465555555555553	2.6850324312030316	0.8716666666666667	82	scReadSim-cna_T	4:39498894	82	0	0.0
0.021666666666666667	0.021197222222222215	6.719661132604933	0.9783333333333334	13	scReadSim-cna_T	5:1461453	13	0	0.0
0.058333333333333334	0.05826388888888888	4.137928095180762	0.9433333333333334	35	scReadSim-cna_T	5:6372135	35	0	0.0
0.12666666666666668	0.13062222222222222	2.8532918226799904	0.8833333333333333	76	scReadSim-cna_T	5:10264850	76	0	0.0
0.145	0.143975	2.616830187147589	0.865	87	scReadSim-cna_T	5:10264964	87	0	0.0
1.0833333333333333	1.2997222222222222	1.0523571737282555	0.365	650	scReadSim-cna_T	5:10279318	650	1	0.0015384615384615385
0.13666666666666666	0.14798888888888886	2.8148285831844087	0.8766666666666667	82	scReadSim-cna_T	5:14709926	82	0	0.0
0.02	0.019599999999999996	6.999999964999999	0.98	12	scReadSim-cna_T	5:16474535	12	0	0.0
0.03166666666666667	0.030663888888888893	5.5298234307517316	0.9683333333333334	19	scReadSim-cna_T	5:31401340	19	0	0.0
0.055	0.05864166666666667	4.402916631124886	0.9483333333333334	33	scReadSim-cna_T	5:35879501	33	0	0.0
0.285	0.29044166666666665	1.8909698305703873	0.7533333333333333	171	scReadSim-cna_T	5:36193130	171	0	0.0
0.02666666666666667	0.025955555555555558	6.041522964141575	0.9733333333333334	16	scReadSim-cna_T	5:38935580	16	0	0.0
0.03	0.0291	5.686240684123191	0.97	18	scReadSim-cna_T	5:39373151	18	0	0.0
0.03833333333333333	0.03686388888888889	5.008688090792904	0.9616666666666667	23	scReadSim-cna_T	5:40981587	23	0	0.0
0.5166666666666667	0.7663888888888889	1.694393030209975	0.6483333333333333	310	scReadSim-cna_T	5:40982875	310	1	0.0032258064516129032
1.5366666666666666	2.0419888888888886	0.929923058376454	0.2683333333333333	922	scReadSim-cna_T	5:41142504	922	3	0.0032537960954446853
0.03333333333333333	0.032222222222222215	5.385164790979009	0.9666666666666667	20	scReadSim-cna_T	5:42805344	20	0	0.0
0.36666666666666664	0.37888888888888883	1.678744118871196	0.6983333333333334	220	scReadSim-cna_T	5:43289606	220	0	0.0
0.03166666666666667	0.03399722222222222	5.822632297963545	0.97	19	scReadSim-cna_T	5:44828492	19	0	0.0
0.03833333333333333	0.04019722222222222	5.230237793915849	0.9633333333333334	23	scReadSim-cna_T	5:52952461	23	0	0.0
0.03	0.0291	5.686240684123191	0.97	18	scReadSim-cna_T	5:52953778	18	0	0.0
0.03	0.0291	5.686240684123191	0.97	18	scReadSim-cna_T	5:52953782	18	0	0.0
0.023333333333333334	0.022788888888888893	6.469709614686531	0.9766666666666667	14	scReadSim-cna_T	5:52953878	14	0	0.0
0.051666666666666666	0.055663888888888874	4.566424988121809	0.9516666666666667	31	scReadSim-cna_T	5:52954427	31	0	0.0
0.02	0.019599999999999996	6.999999964999999	0.98	12	scReadSim-cna_T	5:52956125	12	0	0.0
0.15	0.1475	2.5603819142492816	0.86	90	scReadSim-cna_T	5:52956361	90	0	0.0
0.19166666666666668	0.2182638888888889	2.4374984840169187	0.8366666666666667	115	scReadSim-cna_T	5:53683267	115	0	0.0
0.018333333333333333	0.017997222222222223	7.317475928304944	0.9816666666666667	11	scReadSim-cna_T	5:53883986	11	1	0.09090909090909091
0.06	0.05973333333333334	4.073400610949524	0.9416666666666667	36	scReadSim-cna_T	5:72219789	36	0	0.0
0.028333333333333332	0.030863888888888896	6.2005134070188745	0.9733333333333334	17	scReadSim-cna_T	5:73090312	17	0	0.0
0.13166666666666665	0.12766388888888894	2.7136772491392955	0.875	79	scReadSim-cna_T	5:76969157	79	0	0.0
0.16	0.17439999999999997	2.610076625596339	0.8566666666666667	96	scReadSim-cna_T	5:76969210	96	1	0.010416666666666666
0.025	0.024374999999999994	6.244997973418404	0.975	15	scReadSim-cna_T	5:79686365	15	0	0.0
0.275	0.3060416666666667	2.011673918153664	0.7733333333333333	165	scReadSim-cna_T	5:81330127	165	1	0.006060606060606061
0.105	0.09730833333333332	2.970884155682248	0.8966666666666666	63	scReadSim-cna_T	5:83052895	63	1	0.015873015873015872
0.13333333333333333	0.13555555555555557	2.7613402522258097	0.8766666666666667	80	scReadSim-cna_T	5:83052928	80	0	0.0
0.11166666666666666	0.10919722222222222	2.9592539959301667	0.8933333333333333	67	scReadSim-cna_T	5:96774507	67	0	0.0
0.016666666666666666	0.01638888888888889	7.681145701781734	0.9833333333333333	10	scReadSim-cna_T	5:97163079	10	0	0.0
0.12666666666666668	0.1372888888888889	2.9251985727622647	0.885	76	scReadSim-cna_T	5:103203051	76	0	0.0
0.023333333333333334	0.022788888888888893	6.469709614686531	0.9766666666666667	14	scReadSim-cna_T	5:109867341	14	0	0.0
0.085	0.09110833333333336	3.551077289029195	0.9216666666666666	51	scReadSim-cna_T	5:110764969	51	0	0.0
0.11	0.11456666666666668	3.077063460836244	0.8983333333333333	66	scReadSim-cna_T	5:112867867	66	0	0.0
0.28	0.2849333333333333	1.9063981060892372	0.755	168	scReadSim-cna_T	5:112876454	168	0	0.0
0.11333333333333333	0.11048888888888887	2.9329296120751587	0.8916666666666667	68	scReadSim-cna_T	5:112876628	68	1	0.014705882352941176
0.47333333333333333	0.4526222222222222	1.4213493869158123	0.6133333333333333	284	scReadSim-cna_T	5:126544897	284	0	0.0
0.03	0.029099999999999994	5.686240684123191	0.97	18	scReadSim-cna_T	5:127554849	18	0	0.0
0.22333333333333333	0.24678888888888886	2.224381391079443	0.8133333333333334	134	scReadSim-cna_T	5:133972170	134	0	0.0
0.02666666666666667	0.025955555555555558	6.041522964141575	0.9733333333333334	16	scReadSim-cna_T	5:134969507	16	0	0.0
0.33	0.33443333333333336	1.7524306434381454	0.7216666666666667	198	scReadSim-cna_T	5:135946941	198	0	0.0
0.5633333333333334	0.5959888888888888	1.3704198217194292	0.585	338	scReadSim-cna_T	5:135947143	338	0	0.0
0.021666666666666667	0.021197222222222218	6.719661132604933	0.9783333333333334	13	scReadSim-cna_T	5:135951340	13	0	0.0
0.05333333333333334	0.057155555555555564	4.482605260855392	0.95	32	scReadSim-cna_T	5:138934853	32	0	0.0
0.08166666666666667	0.0849972222222222	3.5699122101644756	0.9233333333333333	49	scReadSim-cna_T	5:140706477	49	0	0.0
0.06333333333333334	0.06598888888888889	4.056047767686445	0.94	38	scReadSim-cna_T	5:140706606	38	0	0.0
0.023333333333333334	0.022788888888888893	6.469709614686531	0.9766666666666667	14	scReadSim-cna_T	5:147824629	14	0	0.0
0.065	0.060775000000000017	3.7927055435869304	0.935	39	scReadSim-cna_T	5:148442506	39	0	0.0
0.16	0.1577333333333333	2.4822284998830204	0.8516666666666667	96	scReadSim-cna_T	5:149260199	96	0	0.0
0.88	1.0889333333333335	1.1858178239199086	0.44666666666666666	528	scReadSim-cna_T	5:150446963	528	0	0.0
0.045	0.04964166666666669	4.951202195752884	0.9583333333333334	27	scReadSim-cna_T	5:150558177	27	0	0.0
0.018333333333333333	0.017997222222222223	7.317475928304944	0.9816666666666667	11	scReadSim-cna_T	5:154420953	11	0	0.0
0.028333333333333332	0.030863888888888896	6.2005134070188745	0.9733333333333334	17	scReadSim-cna_T	5:157138601	17	0	0.0
0.13833333333333334	0.16253055555555557	2.9143430229708125	0.8766666666666667	83	scReadSim-cna_T	5:157786489	83	0	0.0
0.08833333333333333	0.10386388888888891	3.6484438772291052	0.9216666666666666	53	scReadSim-cna_T	5:168519256	53	0	0.0
0.34	0.3577333333333333	1.7591415537851058	0.7183333333333334	204	scReadSim-cna_T	5:173787019	204	0	0.0
0.20833333333333334	0.22493055555555552	2.276488522928436	0.82	125	scReadSim-cna_T	5:175528569	125	0	0.0
0.17	0.19443333333333337	2.5937997211115484	0.855	102	scReadSim-cna_T	5:175528581	102	0	0.0
0.02666666666666667	0.025955555555555558	6.041522964141575	0.9733333333333334	16	scReadSim-cna_T	5:175529464	16	0	0.0
0.023333333333333334	0.026122222222222227	6.926730211685817	0.9783333333333334	14	scReadSim-cna_T	5:177520152	14	0	0.0
0.12	0.11559999999999998	2.833333330972222	0.885	72	scReadSim-cna_T	5:177596097	72	0	0.0
0.07166666666666667	0.0798638888888889	3.943283678023632	0.935	43	scReadSim-cna_T	5:178210881	43	0	0.0
1.32	1.7176	0.9928578741918062	0.31666666666666665	792	scReadSim-cna_T	5:181237105	792	3	0.003787878787878788
0.03	0.0291	5.686240684123191	0.97	18	scReadSim-cna_T	6:7281421	18	0	0.0
0.16	0.1644	2.5341418650053225	0.855	96	scReadSim-cna_T	6:10980820	96	0	0.0
0.018333333333333333	0.02133055555555556	7.966354826709253	0.9833333333333333	11	scReadSim-cna_T	6:11134628	11	0	0.0
0.05	0.04749999999999999	4.358898934822874	0.95	30	scReadSim-cna_T	6:17759506	30	0	0.0
0.37833333333333335	0.4051972222222222	1.6825137527363676	0.695	227	scReadSim-cna_T	6:30493308	227	1	0.004405286343612335
0.06333333333333334	0.05932222222222222	3.8457084701660533	0.9366666666666666	38	scReadSim-cna_T	6:31142614	38	0	0.0
1.9	2.3933333333333335	0.8142316761587102	0.17333333333333334	1140	scReadSim-cna_T	6:31354079	1140	2	0.0017543859649122807
0.76	0.8124000000000001	1.185963614501189	0.48	456	scReadSim-cna_T	6:31354171	456	0	0.0
0.023333333333333334	0.029455555555555554	7.355408918108819	0.98	14	scReadSim-cna_T	6:31415217	14	0	0.0
0.075	0.069375	3.5118845796017335	0.925	45	scReadSim-cna_T	6:31588804	45	0	0.0
0.023333333333333334	0.022788888888888893	6.469709614686531	0.9766666666666667	14	scReadSim-cna_T	6:31951801	14	0	0.0
0.15166666666666667	0.14533055555555557	2.513554606563153	0.8566666666666667	91	scReadSim-cna_T	6:32180626	91	1	0.01098901098901099
0.11166666666666666	0.12586388888888891	3.1770717318355173	0.9016666666666666	67	scReadSim-cna_T	6:32643169	67	0	0.0
0.12833333333333333	0.14519722222222223	2.9692015516576933	0.8866666666666667	77	scReadSim-cna_T	6:32643174	77	0	0.0
0.13166666666666665	0.13433055555555556	2.7836303578820867	0.8783333333333333	79	scReadSim-cna_T	6:32643191	79	0	0.0
0.13	0.1331	2.806374820449665	0.88	78	scReadSim-cna_T	6:32643195	78	1	0.01282051282051282
0.11666666666666667	0.11972222222222222	2.965791353461707	0.8916666666666667	70	scReadSim-cna_T	6:32643217	70	0	0.0
0.11666666666666667	0.11972222222222222	2.965791353461707	0.8916666666666667	70	scReadSim-cna_T	6:32643220	70	0	0.0
0.09833333333333333	0.10199722222222221	3.247830908331212	0.9083333333333333	59	scReadSim-cna_T	6:32643257	59	1	0.01694915254237288
0.08166666666666667	0.0749972222222222	3.3533413085525825	0.9183333333333333	49	scReadSim-cna_T	6:32659544	49	0	0.0
0.07333333333333333	0.06795555555555556	3.554766321701165	0.9266666666666666	44	scReadSim-cna_T	6:32659575	44	0	0.0
0.045	0.042975000000000006	4.606758310124511	0.955	27	scReadSim-cna_T	6:32659585	27	0	0.0
0.04	0.038400000000000004	4.898979473318907	0.96	24	scReadSim-cna_T	6:32659588	24	0	0.0
0.021666666666666667	0.021197222222222218	6.719661132604933	0.9783333333333334	13	scReadSim-cna_T	6:32659617	13	0	0.0
0.02	0.019599999999999996	6.999999964999999	0.98	12	scReadSim-cna_T	6:32659619	12	0	0.0
0.035	0.033775	5.250850256280172	0.965	21	scReadSim-cna_T	6:32659628	21	0	0.0
0.14	0.1537333333333333	2.80063160800576	0.875	84	scReadSim-cna_T	6:32659923	84	0	0.0
0.155	0.1643083333333333	2.6151589874238126	0.86	93	scReadSim-cna_T	6:32659937	93	0	0.0
0.185	0.20077499999999998	2.422049912553977	0.835	111	scReadSim-cna_T	6:32659975	111	0	0.0
0.14333333333333334	0.15945555555555557	2.785945564422624	0.87	86	scReadSim-cna_T	6:32659986	86	0	0.0
0.11666666666666667	0.12638888888888888	3.047246998488294	0.8933333333333333	70	scReadSim-cna_T	6:32660000	70	0	0.0
0.13	0.13310000000000002	2.8063748204496655	0.88	78	scReadSim-cna_T	6:32660018	78	0	0.0
0.135	0.1434416666666667	2.805458782872355	0.8783333333333333	81	scReadSim-cna_T	6:32660021	81	0	0.0
0.14333333333333334	0.15278888888888892	2.7270850662924557	0.8716666666666667	86	scReadSim-cna_T	6:32660041	86	0	0.0
0.13833333333333334	0.14586388888888885	2.7608769553354975	0.875	83	scReadSim-cna_T	6:32660056	83	1	0.012048192771084338
0.14833333333333334	0.15633055555555558	2.6655275712685005	0.8666666666666667	89	scReadSim-cna_T	6:32660073	89	0	0.0
0.14666666666666667	0.15515555555555555	2.685667497572944	0.8683333333333333	88	scReadSim-cna_T	6:32660075	88	0	0.0
0.125	0.13270833333333334	2.91433239692112	0.8866666666666667	75	scReadSim-cna_T	6:32660105	75	1	0.013333333333333334
0.10166666666666667	0.09799722222222222	3.079131933125957	0.9016666666666666	61	scReadSim-cna_T	6:32660129	61	0	0.0
0.08833333333333333	0.0838638888888889	3.278407080252997	0.9133333333333333	53	scReadSim-cna_T	6:32660146	53	0	0.0
0.05	0.050833333333333314	4.509249743804394	0.9516666666666667	30	scReadSim-cna_T	6:32660190	30	0	0.0
0.03666666666666667	0.03865555555555556	5.362095295579241	0.965	22	scReadSim-cna_T	6:32660199	22	0	0.0
0.03	0.032433333333333335	6.003085606318647	0.9716666666666667	18	scReadSim-cna_T	6:32660211	18	0	0.0
0.02666666666666667	0.02928888888888889	6.417748802430158	0.975	16	scReadSim-cna_T	6:32660214	16	0	0.0
0.02666666666666667	0.02928888888888889	6.417748802430158	0.975	16	scReadSim-cna_T	6:32660215	16	0	0.0
0.06666666666666667	0.0688888888888889	3.9370039311004	0.9366666666666666	40	scReadSim-cna_T	6:32828678	40	0	0.0
0.035	0.033775	5.250850256280172	0.965	21	scReadSim-cna_T	6:32858456	21	0	0.0
0.03166666666666667	0.030663888888888893	5.5298234307517316	0.9683333333333334	19	scReadSim-cna_T	6:32980944	19	0	0.0
0.255	0.3033083333333333	2.1597425804411903	0.7916666666666666	153	scReadSim-cna_T	6:33065076	153	0	0.0
0.04666666666666667	0.051155555555555544	4.846627262096476	0.9566666666666667	28	scReadSim-cna_T	6:33085832	28	0	0.0
0.755	0.834975	1.210290946370931	0.49166666666666664	453	scReadSim-cna_T	6:33299895	453	0	0.0
0.13833333333333334	0.14586388888888888	2.760876955335498	0.875	83	scReadSim-cna_T	6:34877871	83	1	0.012048192771084338
0.245	0.2616416666666666	2.087792672086324	0.7883333333333333	147	scReadSim-cna_T	6:35573655	147	1	0.006802721088435374
0.2733333333333333	0.3019555555555555	2.01038351487375	0.7716666666666666	164	scReadSim-cna_T	6:36602589	164	0	0.0
0.021666666666666667	0.021197222222222218	6.719661132604933	0.9783333333333334	13	scReadSim-cna_T	6:37028997	13	0	0.0
0.17833333333333334	0.18653055555555553	2.42182336219007	0.84	107	scReadSim-cna_T	6:37483138	107	2	0.018691588785046728
0.09333333333333334	0.09128888888888888	3.2372197661385957	0.91	56	scReadSim-cna_T	6:42206873	56	0	0.0
0.028333333333333332	0.030863888888888896	6.2005134070188745	0.9733333333333334	17	scReadSim-cna_T	6:42208189	17	0	0.0
0.07666666666666666	0.07078888888888889	3.47037148291819	0.9233333333333333	46	scReadSim-cna_T	6:42691211	46	0	0.0
0.095	0.09597499999999999	3.2610349596535775	0.9083333333333333	57	scReadSim-cna_T	6:43181249	57	0	0.0
0.34	0.3777333333333333	1.8076474730363061	0.7266666666666667	204	scReadSim-cna_T	6:44233997	204	0	0.0
0.10333333333333333	0.10932222222222222	3.1997333364692713	0.905	62	scReadSim-cna_T	6:44254310	62	0	0.0
0.145	0.17397499999999996	2.8765731342884506	0.88	87	scReadSim-cna_T	6:49430402	87	1	0.011494252873563218
0.04833333333333333	0.04933055555555555	4.595272337473194	0.9533333333333334	29	scReadSim-cna_T	6:53631204	29	0	0.0
0.021666666666666667	0.021197222222222218	6.719661132604933	0.9783333333333334	13	scReadSim-cna_T	6:69675817	13	0	0.0
0.20666666666666667	0.22395555555555555	2.289868195527006	0.82	124	scReadSim-cna_T	6:85495605	124	0	0.0
0.03166666666666667	0.03066388888888889	5.5298234307517316	0.9683333333333334	19	scReadSim-cna_T	6:87514446	19	0	0.0
0.065	0.070775	4.092857099679613	0.94	39	scReadSim-cna_T	6:87675301	39	0	0.0
0.08833333333333333	0.1038638888888889	3.6484438772291052	0.9216666666666666	53	scReadSim-cna_T	6:96891202	53	0	0.0
0.04666666666666667	0.04782222222222221	4.686062694774643	0.955	28	scReadSim-cna_T	6:109366911	28	0	0.0
0.11	0.10790000000000001	2.9861941255865223	0.895	66	scReadSim-cna_T	6:109367335	66	0	0.0
0.025	0.024375	6.244997973418406	0.975	15	scReadSim-cna_T	6:109368704	15	0	0.0
0.07166666666666667	0.07986388888888889	3.943283678023631	0.935	43	scReadSim-cna_T	6:110391839	43	0	0.0
0.021666666666666667	0.021197222222222218	6.719661132604933	0.9783333333333334	13	scReadSim-cna_T	6:117549729	13	0	0.0
0.041666666666666664	0.03993055555555557	4.795831511802725	0.9583333333333334	25	scReadSim-cna_T	6:119179074	25	0	0.0
0.058333333333333334	0.05826388888888888	4.137928095180762	0.9433333333333334	35	scReadSim-cna_T	6:130834962	35	1	0.02857142857142857
0.07166666666666667	0.07319722222222222	3.775114203657376	0.9316666666666666	43	scReadSim-cna_T	6:130835086	43	1	0.023255813953488372
0.03333333333333333	0.03555555555555555	5.656854232521816	0.9683333333333334	20	scReadSim-cna_T	6:144852962	20	0	0.0
0.025	0.024374999999999994	6.244997973418404	0.975	15	scReadSim-cna_T	6:156936239	15	0	0.0
0.36	0.34373333333333334	1.6285771007269252	0.6933333333333334	216	scReadSim-cna_T	6:159778994	216	1	0.004629629629629629
0.125	0.129375	2.877498911685632	0.885	75	scReadSim-cna_T	6:160752914	75	0	0.0
0.03833333333333333	0.03686388888888889	5.008688090792904	0.9616666666666667	23	scReadSim-cna_T	6:167042141	23	0	0.0
0.025	0.024374999999999997	6.244997973418406	0.975	15	scReadSim-cna_T	6:170404863	15	0	0.0
0.06166666666666667	0.0578638888888889	3.900796863060973	0.9383333333333334	37	scReadSim-cna_T	6:170577443	37	1	0.02702702702702703
0.3433333333333333	0.378788888888889	1.7925969184275639	0.7233333333333334	206	scReadSim-cna_T	7:260547	206	0	0.0
0.10666666666666667	0.11862222222222223	3.2288978352452804	0.905	64	scReadSim-cna_T	7:997163	64	0	0.0
0.058333333333333334	0.054930555555555545	4.017817453233808	0.9416666666666667	35	scReadSim-cna_T	7:2538147	35	0	0.0
0.056666666666666664	0.056788888888888896	4.205368122394087	0.945	34	scReadSim-cna_T	7:6023652	34	1	0.029411764705882353
0.07166666666666667	0.07319722222222223	3.7751142036573766	0.9316666666666666	43	scReadSim-cna_T	7:6656367	43	0	0.0
0.08833333333333333	0.09386388888888889	3.468363858445616	0.9166666666666666	53	scReadSim-cna_T	7:12237259	53	0	0.0
0.19333333333333333	0.19928888888888888	2.30905779781024	0.8283333333333334	116	scReadSim-cna_T	7:30757354	116	0	0.0
0.035	0.033775	5.250850256280172	0.965	21	scReadSim-cna_T	7:36299517	21	0	0.0
0.05333333333333334	0.053822222222222216	4.349928152170213	0.9483333333333334	32	scReadSim-cna_T	7:38230514	32	0	0.0
0.016666666666666666	0.01638888888888889	7.681145701781734	0.9833333333333333	10	scReadSim-cna_T	7:44220107	10	0	0.0
0.15	0.16749999999999998	2.728450922138516	0.8666666666666667	90	scReadSim-cna_T	7:45076174	90	0	0.0
0.15333333333333332	0.14315555555555556	2.4675588894624982	0.8533333333333334	92	scReadSim-cna_T	7:45100293	92	0	0.0
0.14	0.13706666666666667	2.6444654032377284	0.8683333333333333	84	scReadSim-cna_T	7:45100320	84	1	0.011904761904761904
0.26	0.2757333333333334	2.0196275548658065	0.7766666666666666	156	scReadSim-cna_T	7:50458521	156	0	0.0
0.08333333333333333	0.09305555555555554	3.6606010391519046	0.925	50	scReadSim-cna_T	7:50592707	50	0	0.0
0.03	0.032433333333333335	6.003085606318647	0.9716666666666667	18	scReadSim-cna_T	7:55433555	18	0	0.0
0.03666666666666667	0.0419888888888889	5.588506489959959	0.9666666666666667	22	scReadSim-cna_T	7:55433582	22	0	0.0
0.028333333333333332	0.027530555555555558	5.856117946642016	0.9716666666666667	17	scReadSim-cna_T	7:55956365	17	0	0.0
0.3883333333333333	0.4141972222222222	1.657291566087753	0.6866666666666666	233	scReadSim-cna_T	7:65960907	233	0	0.0
0.02666666666666667	0.025955555555555558	6.041522964141575	0.9733333333333334	16	scReadSim-cna_T	7:66093491	16	0	0.0
0.2633333333333333	0.26732222222222224	1.963413146635696	0.77	158	scReadSim-cna_T	7:76066590	158	0	0.0
0.065	0.060775000000000017	3.7927055435869304	0.935	39	scReadSim-cna_T	7:76505817	39	0	0.0
0.09666666666666666	0.10732222222222224	3.3889728116660205	0.9116666666666666	58	scReadSim-cna_T	7:80676955	58	0	0.0
0.03166666666666667	0.030663888888888893	5.5298234307517316	0.9683333333333334	19	scReadSim-cna_T	7:90415631	19	0	0.0
0.03666666666666667	0.035322222222222234	5.12569284384282	0.9633333333333334	22	scReadSim-cna_T	7:92458002	22	0	0.0
0.5266666666666666	0.579288888888889	1.4451461391192844	0.6066666666666667	316	scReadSim-cna_T	7:95298396	316	0	0.0
0.9416666666666667	1.1349305555555558	1.1313251629686127	0.42833333333333334	565	scReadSim-cna_T	7:98291311	565	2	0.0035398230088495575
0.35	0.4041666666666666	1.8164029635534709	0.72	210	scReadSim-cna_T	7:101138164	210	0	0.0
2.2916666666666665	4.369930555555555	0.9121910775220575	0.175	1375	scReadSim-cna_T	7:101139179	1375	2	0.0014545454545454545
0.25333333333333335	0.2958222222222222	2.1469555838231633	0.7883333333333333	152	scReadSim-cna_T	7:101161149	152	1	0.006578947368421052
0.021666666666666667	0.021197222222222218	6.719661132604933	0.9783333333333334	13	scReadSim-cna_T	7:101161261	13	0	0.0
0.02666666666666667	0.025955555555555558	6.041522964141575	0.9733333333333334	16	scReadSim-cna_T	7:102426426	16	0	0.0
0.021666666666666667	0.021197222222222218	6.719661132604933	0.9783333333333334	13	scReadSim-cna_T	7:110663471	13	0	0.0
0.043333333333333335	0.04145555555555555	4.698608621180273	0.9566666666666667	26	scReadSim-cna_T	7:116258656	26	0	0.0
0.056666666666666664	0.06012222222222223	4.327029388035357	0.9466666666666667	34	scReadSim-cna_T	7:116506657	34	0	0.0
0.13333333333333333	0.12888888888888891	2.6925824015478153	0.8733333333333333	80	scReadSim-cna_T	7:118192084	80	2	0.025
0.043333333333333335	0.04145555555555555	4.698608621180273	0.9566666666666667	26	scReadSim-cna_T	7:127580773	26	0	0.0
0.043333333333333335	0.04145555555555555	4.698608621180273	0.9566666666666667	26	scReadSim-cna_T	7:128092216	26	0	0.0
0.043333333333333335	0.044788888888888885	4.883858197760319	0.9583333333333334	26	scReadSim-cna_T	7:134290431	26	0	0.0
0.21666666666666667	0.20638888888888887	2.096771256022876	0.8016666666666666	130	scReadSim-cna_T	7:143390992	130	0	0.0
0.016666666666666666	0.01638888888888889	7.681145701781734	0.9833333333333333	10	scReadSim-cna_T	7:149880331	10	0	0.0
0.085	0.08110833333333337	3.3505323265017015	0.9166666666666666	51	scReadSim-cna_T	7:149880502	51	0	0.0
0.03333333333333333	0.032222222222222215	5.385164790979009	0.9666666666666667	20	scReadSim-cna_T	7:150410870	20	0	0.0
0.03166666666666667	0.030663888888888893	5.5298234307517316	0.9683333333333334	19	scReadSim-cna_T	7:150410871	19	0	0.0
2.3866666666666667	3.1771555555555553	0.746839830541633	0.13666666666666666	1432	scReadSim-cna_T	7:150791528	1432	3	0.002094972067039106
0.06166666666666667	0.06786388888888889	4.224437577009328	0.9433333333333334	37	scReadSim-cna_T	7:151378237	37	0	0.0
0.02666666666666667	0.025955555555555558	6.041522964141575	0.9733333333333334	16	scReadSim-cna_T	7:151556140	16	1	0.0625
0.03833333333333333	0.04019722222222222	5.230237793915849	0.9633333333333334	23	scReadSim-cna_T	9:4707519	23	0	0.0
0.345	0.34930833333333333	1.7131105044167718	0.7116666666666667	207	scReadSim-cna_T	9:4711440	207	0	0.0
0.10166666666666667	0.10799722222222224	3.2324194219512856	0.9066666666666666	61	scReadSim-cna_T	9:4860300	61	0	0.0
0.023333333333333334	0.026122222222222224	6.9267302116858165	0.9783333333333334	14	scReadSim-cna_T	9:4860643	14	0	0.0
0.03	0.03576666666666667	6.304025735655151	0.9733333333333334	18	scReadSim-cna_T	9:6723861	18	0	0.0
0.4266666666666667	0.4546222222222222	1.580289357033826	0.6683333333333333	256	scReadSim-cna_T	9:7798435	256	2	0.0078125
0.11666666666666667	0.12638888888888888	3.047246998488294	0.895	70	scReadSim-cna_T	9:7798518	70	1	0.014285714285714285
0.06333333333333334	0.06265555555555555	3.9522776427815085	0.9383333333333334	38	scReadSim-cna_T	9:14087770	38	0	0.0
0.39666666666666667	0.45932222222222224	1.7085709652366052	0.6916666666666667	238	scReadSim-cna_T	9:33110841	238	0	0.0
0.085	0.09777500000000003	3.6787051989084816	0.9233333333333333	51	scReadSim-cna_T	9:34368986	51	0	0.0
0.085	0.08777500000000002	3.485511282258351	0.92	51	scReadSim-cna_T	9:34369064	51	0	0.0
0.16333333333333333	0.1599888888888889	2.44889455484747	0.8483333333333334	98	scReadSim-cna_T	9:36211830	98	0	0.0
0.021666666666666667	0.021197222222222218	6.719661132604933	0.9783333333333334	13	scReadSim-cna_T	9:37358089	13	0	0.0
0.08166666666666667	0.08166388888888887	3.4992115449154144	0.9216666666666666	49	scReadSim-cna_T	9:37780561	49	0	0.0
0.028333333333333332	0.02753055555555556	5.856117946642017	0.9716666666666667	17	scReadSim-cna_T	9:37861797	17	0	0.0
0.023333333333333334	0.022788888888888893	6.469709614686531	0.9766666666666667	14	scReadSim-cna_T	9:37863199	14	0	0.0
0.06	0.05973333333333334	4.073400610949524	0.9416666666666667	36	scReadSim-cna_T	9:37919746	36	0	0.0
0.03333333333333333	0.032222222222222215	5.385164790979009	0.9666666666666667	20	scReadSim-cna_T	9:71973409	20	0	0.0
0.025	0.024374999999999997	6.244997973418406	0.975	15	scReadSim-cna_T	9:75146726	15	0	0.0
0.04833333333333333	0.04599722222222222	4.437302681916048	0.9516666666666667	29	scReadSim-cna_T	9:89316518	29	0	0.0
0.07833333333333334	0.07886388888888889	3.5850274584097663	0.925	47	scReadSim-cna_T	9:92711437	47	0	0.0
1.055	1.2286416666666666	1.0506550686377492	0.38666666666666666	633	scReadSim-cna_T	9:94603360	633	0	0.0
0.07333333333333333	0.0912888888888889	4.120097882972471	0.9333333333333333	44	scReadSim-cna_T	9:95086808	44	0	0.0
0.6733333333333333	0.6866222222222222	1.2306337254759894	0.5166666666666667	404	scReadSim-cna_T	9:101420658	404	0	0.0
7.236666666666666	18.620655555555555	0.5962919063345358	0.008333333333333333	4342	scReadSim-cna_T	9:101421740	4342	10	0.0023030861354214646
0.03666666666666667	0.04865555555555556	6.015819349617113	0.97	22	scReadSim-cna_T	9:109946491	22	0	0.0
0.285	0.3204416666666667	1.9862304281059522	0.7666666666666667	171	scReadSim-cna_T	9:111562668	171	0	0.0
0.10833333333333334	0.11659722222222221	3.1519694199440096	0.9016666666666666	65	scReadSim-cna_T	9:112218687	65	0	0.0
0.058333333333333334	0.054930555555555545	4.017817453233808	0.9416666666666667	35	scReadSim-cna_T	9:113264080	35	0	0.0
0.405	0.43097500000000005	1.6209552144548098	0.68	243	scReadSim-cna_T	9:113386350	243	2	0.00823045267489712
0.10666666666666667	0.10862222222222222	3.0898017706803795	0.8983333333333333	64	scReadSim-cna_T	9:114311308	64	0	0.0
0.235	0.2864416666666667	2.277457249693358	0.805	141	scReadSim-cna_T	9:122144177	141	0	0.0
0.056666666666666664	0.05345555555555556	4.080080730178643	0.9433333333333334	34	scReadSim-cna_T	9:124352210	34	0	0.0
0.04	0.03840000000000001	4.898979473318908	0.96	24	scReadSim-cna_T	9:125146790	24	0	0.0
0.04	0.038400000000000004	4.898979473318907	0.96	24	scReadSim-cna_T	9:125146810	24	0	0.0
0.07166666666666667	0.06986388888888888	3.6881550663305505	0.93	43	scReadSim-cna_T	9:125233767	43	0	0.0
0.055	0.05197500000000001	4.145095670710007	0.945	33	scReadSim-cna_T	9:125235024	33	0	0.0
0.22	0.2416	2.2342192221561743	0.8133333333333334	132	scReadSim-cna_T	9:127407595	132	1	0.007575757575757576
0.03166666666666667	0.03066388888888889	5.5298234307517316	0.9683333333333334	19	scReadSim-cna_T	9:127407721	19	0	0.0
0.07666666666666666	0.07745555555555556	3.63010932720189	0.9266666666666666	46	scReadSim-cna_T	9:127505577	46	0	0.0
0.04666666666666667	0.04782222222222221	4.686062694774643	0.955	28	scReadSim-cna_T	9:127790085	28	0	0.0
0.08333333333333333	0.07972222222222221	3.3882148651536257	0.9183333333333333	50	scReadSim-cna_T	9:127813796	50	0	0.0
0.03333333333333333	0.032222222222222215	5.385164790979009	0.9666666666666667	20	scReadSim-cna_T	9:130139940	20	0	0.0
0.055	0.05197500000000001	4.145095670710007	0.945	33	scReadSim-cna_T	9:131576983	33	0	0.0
0.08166666666666667	0.07833055555555553	3.427052623444413	0.92	49	scReadSim-cna_T	9:133058374	49	0	0.0
0.36	0.3737333333333333	1.6981592547122892	0.7016666666666667	216	scReadSim-cna_T	9:133663599	216	0	0.0
0.15833333333333333	0.15659722222222225	2.499307381702283	0.8533333333333334	95	scReadSim-cna_T	9:135504405	95	2	0.021052631578947368
0.04	0.03840000000000001	4.898979473318908	0.96	24	scReadSim-cna_T	9:135933271	24	0	0.0
0.12166666666666667	0.14353055555555558	3.1138706843682784	0.895	73	scReadSim-cna_T	9:136375697	73	0	0.0
0.12833333333333333	0.12519722222222224	2.7571339849053587	0.8783333333333333	77	scReadSim-cna_T	9:136402033	77	0	0.0
0.07833333333333334	0.07219722222222222	3.4301541389225894	0.9216666666666666	47	scReadSim-cna_T	9:136423417	47	0	0.0
0.285	0.2871083333333333	1.8800874000883883	0.755	171	scReadSim-cna_T	9:136423527	171	1	0.005847953216374269
0.5533333333333333	0.5871555555555557	1.3848086059798863	0.5866666666666667	332	scReadSim-cna_T	9:136423619	332	2	0.006024096385542169
0.08333333333333333	0.07972222222222221	3.3882148651536257	0.9183333333333333	50	scReadSim-cna_T	9:136672371	50	0	0.0
0.31166666666666665	0.3478638888888889	1.8924060054771878	0.7466666666666667	187	scReadSim-cna_T	9:136672544	187	1	0.0053475935828877
0.6666666666666666	0.8155555555555557	1.3546217182112135	0.5516666666666666	400	scReadSim-cna_T	9:136673235	400	0	0.0
0.016666666666666666	0.01638888888888889	7.681145701781734	0.9833333333333333	10	scReadSim-cna_T	9:136723831	10	0	0.0
0.04	0.03840000000000001	4.898979473318908	0.96	24	scReadSim-cna_T	9:136724914	24	0	0.0
0.145	0.14064166666666664	2.586360146932338	0.8633333333333333	87	scReadSim-cna_T	9:137273425	87	0	0.0
